0.000000 0.000000 0.008250 0.000000 0.000000 0.000000 0.000000 0.000000 0.000000
0.000000 0.000000 0.016158 0.000000 0.000000 0.000000 0.000000 0.000000 0.000000
1.000000 0.000000 0.008250 0.000000 0.000000 0.000000 0.000000 0.000000 0.000000
1.000000 0.000000 0.016075 0.000000 0.000000 0.000000 0.000000 0.000000 0.000000
2.000000 0.000000 0.008500 0.000000 0.000000 0.000000 0.000000 0.000000 0.000000
2.000000 0.000000 0.016508 0.000000 0.000000 0.000000 0.000000 0.000000 0.000000
3.000000 0.000000 0.009000 0.000000 0.000000 0.000000 0.000000 0.000000 0.000000
3.000000 0.000000 0.016925 0.000000 0.000000 0.000000 0.000000 0.000000 0.000000
4.000000 0.000000 0.009250 0.000000 0.000000 0.000000 0.000000 0.000000 0.000000
4.000000 0.000000 0.017075 0.000000 0.000000 0.000000 0.000000 0.000000 0.000000
5.000000 0.000000 0.009500 0.000000 0.000000 0.000000 0.000000 0.000000 0.000000
5.000000 0.000000 0.017342 0.000000 0.000000 0.000000 0.000000 0.000000 0.000000
6.000000 0.000000 0.009250 0.000000 0.000000 0.000000 0.000000 0.000000 0.000000
6.000000 0.000000 0.017008 0.000000 0.000000 0.000000 0.000000 0.000000 0.000000
7.000000 0.000000 0.008750 0.000000 0.000000 0.000000 0.000000 0.000000 0.000000
7.000000 0.000000 0.016525 0.000000 0.000000 0.000000 0.000000 0.000000 0.000000
8.000000 0.000000 0.008250 0.000000 0.000000 0.000000 0.000000 0.000000 0.000000
8.000000 0.000000 0.016075 0.000000 0.000000 0.000000 0.000000 0.000000 0.000000
9.000000 0.000000 0.008250 0.000000 0.000000 0.000000 0.000000 0.000000 0.000000
9.000000 0.000000 0.016025 0.000000 0.000000 0.000000 0.000000 0.000000 0.000000
10.000000 0.000000 0.008000 0.000000 0.000000 0.000000 0.000000 0.000000 0.000000
10.000000 0.000000 0.015975 0.000000 0.000000 0.000000 0.000000 0.000000 0.000000
11.000000 0.000000 0.007750 0.000000 0.000000 0.000000 0.000000 0.000000 0.000000
11.000000 0.000000 0.015592 0.000000 0.000000 0.000000 0.000000 0.000000 0.000000
-0.000000 1.000000 0.008750 0.000000 0.000000 0.000000 0.000000 0.000000 0.000000
-0.000000 1.000000 0.016575 0.000000 0.000000 0.000000 0.000000 0.000000 0.000000
1.000000 1.000000 0.008750 0.000000 0.000000 0.000000 0.000000 0.000000 0.000000
1.000000 1.000000 0.016558 0.000000 0.000000 0.000000 0.000000 0.000000 0.000000
2.000000 1.000000 0.009000 0.000000 0.000000 0.000000 0.000000 0.000000 0.000000
2.000000 1.000000 0.016942 0.000000 0.000000 0.000000 0.000000 0.000000 0.000000
3.000000 1.000000 0.009250 0.000000 0.000000 0.000000 0.000000 0.000000 0.000000
3.000000 1.000000 0.017075 0.000000 0.000000 0.000000 0.000000 0.000000 0.000000
4.000000 1.000000 0.009750 0.000000 0.000000 0.000000 0.000000 0.000000 0.000000
4.000000 1.000000 0.017525 0.000000 0.000000 0.000000 0.000000 0.000000 0.000000
5.000000 1.000000 0.009750 0.000000 0.000000 0.000000 0.000000 0.000000 0.000000
5.000000 1.000000 0.017542 0.000000 0.000000 0.000000 0.000000 0.000000 0.000000
6.000000 1.000000 0.009750 0.000000 0.000000 0.000000 0.000000 0.000000 0.000000
6.000000 1.000000 0.017475 0.000000 0.000000 0.000000 0.000000 0.000000 0.000000
7.000000 1.000000 0.009000 0.000000 0.000000 0.000000 0.000000 0.000000 0.000000
7.000000 1.000000 0.016992 0.000000 0.000000 0.000000 0.000000 0.000000 0.000000
8.000000 1.000000 0.008750 0.000000 0.000000 0.000000 0.000000 0.000000 0.000000
8.000000 1.000000 0.016525 0.000000 0.000000 0.000000 0.000000 0.000000 0.000000
9.000000 1.000000 0.008500 0.000000 0.000000 0.000000 0.000000 0.000000 0.000000
9.000000 1.000000 0.016475 0.000000 0.000000 0.000000 0.000000 0.000000 0.000000
10.000000 1.000000 0.008500 0.000000 0.000000 0.000000 0.000000 0.000000 0.000000
10.000000 1.000000 0.016108 0.000000 0.000000 0.000000 0.000000 0.000000 0.000000
11.000000 1.000000 0.008250 0.000000 0.000000 0.000000 0.000000 0.000000 0.000000
11.000000 1.000000 0.016025 0.000000 0.000000 0.000000 0.000000 0.000000 0.000000
-0.000000 2.000000 0.009000 0.000000 0.000000 0.000000 0.000000 0.000000 0.000000
-0.000000 2.000000 0.016958 0.000000 0.000000 0.000000 0.000000 0.000000 0.000000
1.000000 2.000000 0.009000 0.000000 0.000000 0.000000 0.000000 0.000000 0.000000
1.000000 2.000000 0.016942 0.000000 0.000000 0.000000 0.000000 0.000000 0.000000
2.000000 2.000000 0.009250 0.000000 0.000000 0.000000 0.000000 0.000000 0.000000
2.000000 2.000000 0.017025 0.000000 0.000000 0.000000 0.000000 0.000000 0.000000
3.000000 2.000000 0.009500 0.000000 0.000000 0.000000 0.000000 0.000000 0.000000
3.000000 2.000000 0.017458 0.000000 0.000000 0.000000 0.000000 0.000000 0.000000
4.000000 2.000000 0.010000 0.000000 0.000000 0.000000 0.000000 0.000000 0.000000
4.000000 2.000000 0.017542 0.000000 0.000000 0.000000 0.000000 0.000000 0.000000
5.000000 2.000000 0.010000 0.000000 0.000000 0.000000 0.000000 0.000000 0.000000
5.000000 2.000000 0.017908 0.000000 0.000000 0.000000 0.000000 0.000000 0.000000
6.000000 2.000000 0.009750 0.000000 0.000000 0.000000 0.000000 0.000000 0.000000
6.000000 2.000000 0.017525 0.000000 0.000000 0.000000 0.000000 0.000000 0.000000
7.000000 2.000000 0.009250 0.000000 0.000000 0.000000 0.000000 0.000000 0.000000
7.000000 2.000000 0.017042 0.000000 0.000000 0.000000 0.000000 0.000000 0.000000
8.000000 2.000000 0.009000 0.000000 0.000000 0.000000 0.000000 0.000000 0.000000
8.000000 2.000000 0.016592 0.000000 0.000000 0.000000 0.000000 0.000000 0.000000
9.000000 2.000000 0.008750 0.000000 0.000000 0.000000 0.000000 0.000000 0.000000
9.000000 2.000000 0.016542 0.000000 0.000000 0.000000 0.000000 0.000000 0.000000
10.000000 2.000000 0.008500 0.000000 0.000000 0.000000 0.000000 0.000000 0.000000
10.000000 2.000000 0.016492 0.000000 0.000000 0.000000 0.000000 0.000000 0.000000
11.000000 2.000000 0.008250 0.000000 0.000000 0.000000 0.000000 0.000000 0.000000
11.000000 2.000000 0.016075 0.000000 0.000000 0.000000 0.000000 0.000000 0.000000
0.000000 3.000000 0.009000 0.000000 0.000000 0.000000 0.000000 0.000000 0.000000
0.000000 3.000000 0.016642 0.000000 0.000000 0.000000 0.000000 0.000000 0.000000
1.000000 3.000000 0.009000 0.000000 0.000000 0.000000 0.000000 0.000000 0.000000
1.000000 3.000000 0.016942 0.000000 0.000000 0.000000 0.000000 0.000000 0.000000
2.000000 3.000000 0.009000 0.000000 0.000000 0.000000 0.000000 0.000000 0.000000
2.000000 3.000000 0.017008 0.000000 0.000000 0.000000 0.000000 0.000000 0.000000
3.000000 3.000000 0.009500 0.000000 0.000000 0.000000 0.000000 0.000000 0.000000
3.000000 3.000000 0.017442 0.000000 0.000000 0.000000 0.000000 0.000000 0.000000
4.000000 3.000000 0.010000 0.000000 0.000000 0.000000 0.000000 0.000000 0.000000
4.000000 3.000000 0.017575 0.000000 0.000000 0.000000 0.000000 0.000000 0.000000
5.000000 3.000000 0.010000 0.000000 0.000000 0.000000 0.000000 0.000000 0.000000
5.000000 3.000000 0.017942 0.000000 0.000000 0.000000 0.000000 0.000000 0.000000
6.000000 3.000000 0.009750 0.000000 0.000000 0.000000 0.000000 0.000000 0.000000
6.000000 3.000000 0.017525 0.000000 0.000000 0.000000 0.000000 0.000000 0.000000
7.000000 3.000000 0.009250 0.000000 0.000000 0.000000 0.000000 0.000000 0.000000
7.000000 3.000000 0.017042 0.000000 0.000000 0.000000 0.000000 0.000000 0.000000
8.000000 3.000000 0.009000 0.000000 0.000000 0.000000 0.000000 0.000000 0.000000
8.000000 3.000000 0.016942 0.000000 0.000000 0.000000 0.000000 0.000000 0.000000
9.000000 3.000000 0.008500 0.000000 0.000000 0.000000 0.000000 0.000000 0.000000
9.000000 3.000000 0.016508 0.000000 0.000000 0.000000 0.000000 0.000000 0.000000
10.000000 3.000000 0.008750 0.000000 0.000000 0.000000 0.000000 0.000000 0.000000
10.000000 3.000000 0.016525 0.000000 0.000000 0.000000 0.000000 0.000000 0.000000
11.000000 3.000000 0.008500 0.000000 0.000000 0.000000 0.000000 0.000000 0.000000
11.000000 3.000000 0.016392 0.000000 0.000000 0.000000 0.000000 0.000000 0.000000
-0.000000 4.000000 0.008750 0.000000 0.000000 0.000000 0.000000 0.000000 0.000000
-0.000000 4.000000 0.016558 0.000000 0.000000 0.000000 0.000000 0.000000 0.000000
1.000000 4.000000 0.008750 0.000000 0.000000 0.000000 0.000000 0.000000 0.000000
1.000000 4.000000 0.016542 0.000000 0.000000 0.000000 0.000000 0.000000 0.000000
2.000000 4.000000 0.009000 0.000000 0.000000 0.000000 0.000000 0.000000 0.000000
2.000000 4.000000 0.016975 0.000000 0.000000 0.000000 0.000000 0.000000 0.000000
3.000000 4.000000 0.009250 0.000000 0.000000 0.000000 0.000000 0.000000 0.000000
3.000000 4.000000 0.017042 0.000000 0.000000 0.000000 0.000000 0.000000 0.000000
4.000000 4.000000 0.009750 0.000000 0.000000 0.000000 0.000000 0.000000 0.000000
4.000000 4.000000 0.017492 0.000000 0.000000 0.000000 0.000000 0.000000 0.000000
5.000000 4.000000 0.009750 0.000000 0.000000 0.000000 0.000000 0.000000 0.000000
5.000000 4.000000 0.017575 0.000000 0.000000 0.000000 0.000000 0.000000 0.000000
6.000000 4.000000 0.009500 0.000000 0.000000 0.000000 0.000000 0.000000 0.000000
6.000000 4.000000 0.017475 0.000000 0.000000 0.000000 0.000000 0.000000 0.000000
7.000000 4.000000 0.009250 0.000000 0.000000 0.000000 0.000000 0.000000 0.000000
7.000000 4.000000 0.016992 0.000000 0.000000 0.000000 0.000000 0.000000 0.000000
8.000000 4.000000 0.008750 0.000000 0.000000 0.000000 0.000000 0.000000 0.000000
8.000000 4.000000 0.016542 0.000000 0.000000 0.000000 0.000000 0.000000 0.000000
9.000000 4.000000 0.008500 0.000000 0.000000 0.000000 0.000000 0.000000 0.000000
9.000000 4.000000 0.016492 0.000000 0.000000 0.000000 0.000000 0.000000 0.000000
10.000000 4.000000 0.008500 0.000000 0.000000 0.000000 0.000000 0.000000 0.000000
10.000000 4.000000 0.016458 0.000000 0.000000 0.000000 0.000000 0.000000 0.000000
11.000000 4.000000 0.008250 0.000000 0.000000 0.000000 0.000000 0.000000 0.000000
11.000000 4.000000 0.016058 0.000000 0.000000 0.000000 0.000000 0.000000 0.000000
-0.000000 5.000000 0.008250 0.000000 0.000000 0.000000 0.000000 0.000000 0.000000
-0.000000 5.000000 0.016108 0.000000 0.000000 0.000000 0.000000 0.000000 0.000000
1.000000 5.000000 0.008250 0.000000 0.000000 0.000000 0.000000 0.000000 0.000000
1.000000 5.000000 0.016125 0.000000 0.000000 0.000000 0.000000 0.000000 0.000000
2.000000 5.000000 0.008500 0.000000 0.000000 0.000000 0.000000 0.000000 0.000000
2.000000 5.000000 0.016492 0.000000 0.000000 0.000000 0.000000 0.000000 0.000000
3.000000 5.000000 0.009000 0.000000 0.000000 0.000000 0.000000 0.000000 0.000000
3.000000 5.000000 0.016942 0.000000 0.000000 0.000000 0.000000 0.000000 0.000000
4.000000 5.000000 0.009500 0.000000 0.000000 0.000000 0.000000 0.000000 0.000000
4.000000 5.000000 0.017092 0.000000 0.000000 0.000000 0.000000 0.000000 0.000000
5.000000 5.000000 0.009500 0.000000 0.000000 0.000000 0.000000 0.000000 0.000000
5.000000 5.000000 0.017458 0.000000 0.000000 0.000000 0.000000 0.000000 0.000000
6.000000 5.000000 0.009250 0.000000 0.000000 0.000000 0.000000 0.000000 0.000000
6.000000 5.000000 0.017058 0.000000 0.000000 0.000000 0.000000 0.000000 0.000000
7.000000 5.000000 0.008750 0.000000 0.000000 0.000000 0.000000 0.000000 0.000000
7.000000 5.000000 0.016525 0.000000 0.000000 0.000000 0.000000 0.000000 0.000000
8.000000 5.000000 0.008500 0.000000 0.000000 0.000000 0.000000 0.000000 0.000000
8.000000 5.000000 0.016458 0.000000 0.000000 0.000000 0.000000 0.000000 0.000000
9.000000 5.000000 0.008250 0.000000 0.000000 0.000000 0.000000 0.000000 0.000000
9.000000 5.000000 0.016075 0.000000 0.000000 0.000000 0.000000 0.000000 0.000000
10.000000 5.000000 0.008250 0.000000 0.000000 0.000000 0.000000 0.000000 0.000000
10.000000 5.000000 0.016042 0.000000 0.000000 0.000000 0.000000 0.000000 0.000000
11.000000 5.000000 0.008000 0.000000 0.000000 0.000000 0.000000 0.000000 0.000000
11.000000 5.000000 0.015992 0.000000 0.000000 0.000000 0.000000 0.000000 0.000000
-0.000000 6.000000 0.008000 0.000000 0.000000 0.000000 0.000000 0.000000 0.000000
-0.000000 6.000000 0.015975 0.000000 0.000000 0.000000 0.000000 0.000000 0.000000
1.000000 6.000000 0.008000 0.000000 0.000000 0.000000 0.000000 0.000000 0.000000
1.000000 6.000000 0.015642 0.000000 0.000000 0.000000 0.000000 0.000000 0.000000
2.000000 6.000000 0.008250 0.000000 0.000000 0.000000 0.000000 0.000000 0.000000
2.000000 6.000000 0.016042 0.000000 0.000000 0.000000 0.000000 0.000000 0.000000
3.000000 6.000000 0.008500 0.000000 0.000000 0.000000 0.000000 0.000000 0.000000
3.000000 6.000000 0.016458 0.000000 0.000000 0.000000 0.000000 0.000000 0.000000
4.000000 6.000000 0.009000 0.000000 0.000000 0.000000 0.000000 0.000000 0.000000
4.000000 6.000000 0.016675 0.000000 0.000000 0.000000 0.000000 0.000000 0.000000
5.000000 6.000000 0.009000 0.000000 0.000000 0.000000 0.000000 0.000000 0.000000
5.000000 6.000000 0.016975 0.000000 0.000000 0.000000 0.000000 0.000000 0.000000
6.000000 6.000000 0.008750 0.000000 0.000000 0.000000 0.000000 0.000000 0.000000
6.000000 6.000000 0.016592 0.000000 0.000000 0.000000 0.000000 0.000000 0.000000
7.000000 6.000000 0.008500 0.000000 0.000000 0.000000 0.000000 0.000000 0.000000
7.000000 6.000000 0.016125 0.000000 0.000000 0.000000 0.000000 0.000000 0.000000
8.000000 6.000000 0.008000 0.000000 0.000000 0.000000 0.000000 0.000000 0.000000
8.000000 6.000000 0.015992 0.000000 0.000000 0.000000 0.000000 0.000000 0.000000
9.000000 6.000000 0.007750 0.000000 0.000000 0.000000 0.000000 0.000000 0.000000
9.000000 6.000000 0.015608 0.000000 0.000000 0.000000 0.000000 0.000000 0.000000
10.000000 6.000000 0.007750 0.000000 0.000000 0.000000 0.000000 0.000000 0.000000
10.000000 6.000000 0.015592 0.000000 0.000000 0.000000 0.000000 0.000000 0.000000
11.000000 6.000000 0.007500 0.000000 0.000000 0.000000 0.000000 0.000000 0.000000
11.000000 6.000000 0.015542 0.000000 0.000000 0.000000 0.000000 0.000000 0.000000
-0.000000 7.000000 0.007500 0.000000 0.000000 0.000000 0.000000 0.000000 0.000000
-0.000000 7.000000 0.015275 0.000000 0.000000 0.000000 0.000000 0.000000 0.000000
1.000000 7.000000 0.007500 0.000000 0.000000 0.000000 0.000000 0.000000 0.000000
1.000000 7.000000 0.015125 0.000000 0.000000 0.000000 0.000000 0.000000 0.000000
2.000000 7.000000 0.007750 0.000000 0.000000 0.000000 0.000000 0.000000 0.000000
2.000000 7.000000 0.015558 0.000000 0.000000 0.000000 0.000000 0.000000 0.000000
3.000000 7.000000 0.008000 0.000000 0.000000 0.000000 0.000000 0.000000 0.000000
3.000000 7.000000 0.015992 0.000000 0.000000 0.000000 0.000000 0.000000 0.000000
4.000000 7.000000 0.008500 0.000000 0.000000 0.000000 0.000000 0.000000 0.000000
4.000000 7.000000 0.016258 0.000000 0.000000 0.000000 0.000000 0.000000 0.000000
5.000000 7.000000 0.008500 0.000000 0.000000 0.000000 0.000000 0.000000 0.000000
5.000000 7.000000 0.016508 0.000000 0.000000 0.000000 0.000000 0.000000 0.000000
6.000000 7.000000 0.008500 0.000000 0.000000 0.000000 0.000000 0.000000 0.000000
6.000000 7.000000 0.016258 0.000000 0.000000 0.000000 0.000000 0.000000 0.000000
7.000000 7.000000 0.008000 0.000000 0.000000 0.000000 0.000000 0.000000 0.000000
7.000000 7.000000 0.015942 0.000000 0.000000 0.000000 0.000000 0.000000 0.000000
8.000000 7.000000 0.007750 0.000000 0.000000 0.000000 0.000000 0.000000 0.000000
8.000000 7.000000 0.015558 0.000000 0.000000 0.000000 0.000000 0.000000 0.000000
9.000000 7.000000 0.007500 0.000000 0.000000 0.000000 0.000000 0.000000 0.000000
9.000000 7.000000 0.015492 0.000000 0.000000 0.000000 0.000000 0.000000 0.000000
10.000000 7.000000 0.007500 0.000000 0.000000 0.000000 0.000000 0.000000 0.000000
10.000000 7.000000 0.015275 0.000000 0.000000 0.000000 0.000000 0.000000 0.000000
11.000000 7.000000 0.007250 0.000000 0.000000 0.000000 0.000000 0.000000 0.000000
11.000000 7.000000 0.015092 0.000000 0.000000 0.000000 0.000000 0.000000 0.000000
-0.000000 8.000000 0.007000 0.000000 0.000000 0.000000 0.000000 0.000000 0.000000
-0.000000 8.000000 0.014608 0.000000 0.000000 0.000000 0.000000 0.000000 0.000000
1.000000 8.000000 0.006750 0.000000 0.000000 0.000000 0.000000 0.000000 0.000000
1.000000 8.000000 0.014608 0.000000 0.000000 0.000000 0.000000 0.000000 0.000000
2.000000 8.000000 0.007250 0.000000 0.000000 0.000000 0.000000 0.000000 0.000000
2.000000 8.000000 0.015025 0.000000 0.000000 0.000000 0.000000 0.000000 0.000000
3.000000 8.000000 0.007500 0.000000 0.000000 0.000000 0.000000 0.000000 0.000000
3.000000 8.000000 0.015442 0.000000 0.000000 0.000000 0.000000 0.000000 0.000000
4.000000 8.000000 0.008000 0.000000 0.000000 0.000000 0.000000 0.000000 0.000000
4.000000 8.000000 0.015608 0.000000 0.000000 0.000000 0.000000 0.000000 0.000000
5.000000 8.000000 0.008000 0.000000 0.000000 0.000000 0.000000 0.000000 0.000000
5.000000 8.000000 0.016008 0.000000 0.000000 0.000000 0.000000 0.000000 0.000000
6.000000 8.000000 0.008000 0.000000 0.000000 0.000000 0.000000 0.000000 0.000000
6.000000 8.000000 0.015742 0.000000 0.000000 0.000000 0.000000 0.000000 0.000000
7.000000 8.000000 0.007500 0.000000 0.000000 0.000000 0.000000 0.000000 0.000000
7.000000 8.000000 0.015292 0.000000 0.000000 0.000000 0.000000 0.000000 0.000000
8.000000 8.000000 0.007250 0.000000 0.000000 0.000000 0.000000 0.000000 0.000000
8.000000 8.000000 0.015042 0.000000 0.000000 0.000000 0.000000 0.000000 0.000000
9.000000 8.000000 0.007000 0.000000 0.000000 0.000000 0.000000 0.000000 0.000000
9.000000 8.000000 0.014992 0.000000 0.000000 0.000000 0.000000 0.000000 0.000000
10.000000 8.000000 0.007000 0.000000 0.000000 0.000000 0.000000 0.000000 0.000000
10.000000 8.000000 0.014758 0.000000 0.000000 0.000000 0.000000 0.000000 0.000000
11.000000 8.000000 0.006750 0.000000 0.000000 0.000000 0.000000 0.000000 0.000000
11.000000 8.000000 0.014608 0.000000 0.000000 0.000000 0.000000 0.000000 0.000000
