-0.000000 0.000000 -0.018358 0.000000 0.000000 0.000000 0.000000 0.000000 0.000000
-0.000000 0.000000 -0.016892 0.000000 0.000000 0.000000 0.000000 0.000000 0.000000
1.181100 0.000000 -0.014525 0.000000 0.000000 0.000000 0.000000 0.000000 0.000000
1.181100 0.000000 -0.012992 0.000000 0.000000 0.000000 0.000000 0.000000 0.000000
2.362200 0.000000 -0.012358 0.000000 0.000000 0.000000 0.000000 0.000000 0.000000
2.362200 0.000000 -0.010975 0.000000 0.000000 0.000000 0.000000 0.000000 0.000000
3.543300 0.000000 -0.006608 0.000000 0.000000 0.000000 0.000000 0.000000 0.000000
3.543300 0.000000 -0.005025 0.000000 0.000000 0.000000 0.000000 0.000000 0.000000
4.724400 0.000000 -0.007608 0.000000 0.000000 0.000000 0.000000 0.000000 0.000000
4.724400 0.000000 -0.006108 0.000000 0.000000 0.000000 0.000000 0.000000 0.000000
5.905500 0.000000 -0.009858 0.000000 0.000000 0.000000 0.000000 0.000000 0.000000
5.905500 0.000000 -0.008508 0.000000 0.000000 0.000000 0.000000 0.000000 0.000000
7.086600 0.000000 -0.011358 0.000000 0.000000 0.000000 0.000000 0.000000 0.000000
7.086600 0.000000 -0.009992 0.000000 0.000000 0.000000 0.000000 0.000000 0.000000
8.267700 0.000000 -0.012025 0.000000 0.000000 0.000000 0.000000 0.000000 0.000000
8.267700 0.000000 -0.010558 0.000000 0.000000 0.000000 0.000000 0.000000 0.000000
9.448800 0.000000 -0.011692 0.000000 0.000000 0.000000 0.000000 0.000000 0.000000
9.448800 0.000000 -0.010425 0.000000 0.000000 0.000000 0.000000 0.000000 0.000000
10.629900 0.000000 -0.010358 0.000000 0.000000 0.000000 0.000000 0.000000 0.000000
10.629900 0.000000 -0.009025 0.000000 0.000000 0.000000 0.000000 0.000000 0.000000
11.811000 0.000000 -0.006442 0.000000 0.000000 0.000000 0.000000 0.000000 0.000000
11.811000 0.000000 -0.005058 0.000000 0.000000 0.000000 0.000000 0.000000 0.000000
12.992100 0.000000 -0.004775 0.000000 0.000000 0.000000 0.000000 0.000000 0.000000
12.992100 0.000000 -0.003492 0.000000 0.000000 0.000000 0.000000 0.000000 0.000000
14.173200 0.000000 0.000975 0.000000 0.000000 0.000000 0.000000 0.000000 0.000000
14.173200 0.000000 0.002325 0.000000 0.000000 0.000000 0.000000 0.000000 0.000000
15.354300 0.000000 -0.003192 0.000000 0.000000 0.000000 0.000000 0.000000 0.000000
15.354300 0.000000 -0.001692 0.000000 0.000000 0.000000 0.000000 0.000000 0.000000
16.535400 0.000000 -0.004608 0.000000 0.000000 0.000000 0.000000 0.000000 0.000000
16.535400 0.000000 -0.003142 0.000000 0.000000 0.000000 0.000000 0.000000 0.000000
17.716500 0.000000 -0.006025 0.000000 0.000000 0.000000 0.000000 0.000000 0.000000
17.716500 0.000000 -0.004592 0.000000 0.000000 0.000000 0.000000 0.000000 0.000000
18.897600 0.000000 -0.008275 0.000000 0.000000 0.000000 0.000000 0.000000 0.000000
18.897600 0.000000 -0.006958 0.000000 0.000000 0.000000 0.000000 0.000000 0.000000
20.078700 0.000000 -0.007608 0.000000 0.000000 0.000000 0.000000 0.000000 0.000000
20.078700 0.000000 -0.006142 0.000000 0.000000 0.000000 0.000000 0.000000 0.000000
 0.000000 0.000000 0.000000 0.000000
-0.000000 1.181100 -0.020775 0.000000 0.000000 0.000000 0.000000 0.000000 0.000000
-0.000000 1.181100 -0.014358 0.000000 0.000000 0.000000 0.000000 0.000000 0.000000
1.181100 1.181100 -0.017108 0.000000 0.000000 0.000000 0.000000 0.000000 0.000000
1.181100 1.181100 -0.010908 0.000000 0.000000 0.000000 0.000000 0.000000 0.000000
2.362200 1.181100 -0.014442 0.000000 0.000000 0.000000 0.000000 0.000000 0.000000
2.362200 1.181100 -0.008358 0.000000 0.000000 0.000000 0.000000 0.000000 0.000000
3.543300 1.181100 -0.008442 0.000000 0.000000 0.000000 0.000000 0.000000 0.000000
3.543300 1.181100 -0.002642 0.000000 0.000000 0.000000 0.000000 0.000000 0.000000
4.724400 1.181100 -0.009108 0.000000 0.000000 0.000000 0.000000 0.000000 0.000000
4.724400 1.181100 -0.002975 0.000000 0.000000 0.000000 0.000000 0.000000 0.000000
5.905500 1.181100 -0.012108 0.000000 0.000000 0.000000 0.000000 0.000000 0.000000
5.905500 1.181100 -0.005975 0.000000 0.000000 0.000000 0.000000 0.000000 0.000000
7.086600 1.181100 -0.014108 0.000000 0.000000 0.000000 0.000000 0.000000 0.000000
7.086600 1.181100 -0.008042 0.000000 0.000000 0.000000 0.000000 0.000000 0.000000
8.267700 1.181100 -0.013775 0.000000 0.000000 0.000000 0.000000 0.000000 0.000000
8.267700 1.181100 -0.008992 0.000000 0.000000 0.000000 0.000000 0.000000 0.000000
9.448800 1.181100 -0.013442 0.000000 0.000000 0.000000 0.000000 0.000000 0.000000
9.448800 1.181100 -0.008575 0.000000 0.000000 0.000000 0.000000 0.000000 0.000000
10.629900 1.181100 -0.012108 0.000000 0.000000 0.000000 0.000000 0.000000 0.000000
10.629900 1.181100 -0.007408 0.000000 0.000000 0.000000 0.000000 0.000000 0.000000
11.811000 1.181100 -0.008108 0.000000 0.000000 0.000000 0.000000 0.000000 0.000000
11.811000 1.181100 -0.003192 0.000000 0.000000 0.000000 0.000000 0.000000 0.000000
12.992100 1.181100 -0.006442 0.000000 0.000000 0.000000 0.000000 0.000000 0.000000
12.992100 1.181100 -0.001675 0.000000 0.000000 0.000000 0.000000 0.000000 0.000000
14.173200 1.181100 -0.001108 0.000000 0.000000 0.000000 0.000000 0.000000 0.000000
14.173200 1.181100 0.003725 0.000000 0.000000 0.000000 0.000000 0.000000 0.000000
15.354300 1.181100 -0.004775 0.000000 0.000000 0.000000 0.000000 0.000000 0.000000
15.354300 1.181100 -0.000175 0.000000 0.000000 0.000000 0.000000 0.000000 0.000000
16.535400 1.181100 -0.006442 0.000000 0.000000 0.000000 0.000000 0.000000 0.000000
16.535400 1.181100 -0.001608 0.000000 0.000000 0.000000 0.000000 0.000000 0.000000
17.716500 1.181100 -0.007775 0.000000 0.000000 0.000000 0.000000 0.000000 0.000000
17.716500 1.181100 -0.002725 0.000000 0.000000 0.000000 0.000000 0.000000 0.000000
8.897600 1.181100 -0.010108 0.000000 0.000000 0.000000 0.000000 0.000000 0.000000
18.897600 1.181100 -0.004025 0.000000 0.000000 0.000000 0.000000 0.000000 0.000000
20.078700 1.181100 -0.009775 0.000000 0.000000 0.000000 0.000000 0.000000 0.000000
20.078700 1.181100 -0.003442 0.000000 0.000000 0.000000 0.000000 0.000000 0.000000
-0.000000 2.362200 -0.019442 0.000000 0.000000 0.000000 0.000000 0.000000 0.000000
-0.000000 2.362200 -0.013325 0.000000 0.000000 0.000000 0.000000 0.000000 0.000000
1.181100 2.362200 -0.015775 0.000000 0.000000 0.000000 0.000000 0.000000 0.000000
1.181100 2.362200 -0.009808 0.000000 0.000000 0.000000 0.000000 0.000000 0.000000
2.362200 2.362200 -0.013442 0.000000 0.000000 0.000000 0.000000 0.000000 0.000000
2.362200 2.362200 -0.006958 0.000000 0.000000 0.000000 0.000000 0.000000 0.000000
3.543300 2.362200 -0.007108 0.000000 0.000000 0.000000 0.000000 0.000000 0.000000
3.543300 2.362200 -0.001092 0.000000 0.000000 0.000000 0.000000 0.000000 0.000000
4.724400 2.362200 -0.006775 0.000000 0.000000 0.000000 0.000000 0.000000 0.000000
4.724400 2.362200 -0.000542 0.000000 0.000000 0.000000 0.000000 0.000000 0.000000
5.905500 2.362200 -0.010108 0.000000 0.000000 0.000000 0.000000 0.000000 0.000000
5.905500 2.362200 -0.003975 0.000000 0.000000 0.000000 0.000000 0.000000 0.000000
7.086600 2.362200 -0.012775 0.000000 0.000000 0.000000 0.000000 0.000000 0.000000
7.086600 2.362200 -0.006425 0.000000 0.000000 0.000000 0.000000 0.000000 0.000000
8.267700 2.362200 -0.013108 0.000000 0.000000 0.000000 0.000000 0.000000 0.000000
8.267700 2.362200 -0.006975 0.000000 0.000000 0.000000 0.000000 0.000000 0.000000
9.448800 2.362200 -0.013108 0.000000 0.000000 0.000000 0.000000 0.000000 0.000000
9.448800 2.362200 -0.006575 0.000000 0.000000 0.000000 0.000000 0.000000 0.000000
10.629900 2.362200 -0.011442 0.000000 0.000000 0.000000 0.000000 0.000000 0.000000
10.629900 2.362200 -0.005075 0.000000 0.000000 0.000000 0.000000 0.000000 0.000000
11.811000 2.362200 -0.007442 0.000000 0.000000 0.000000 0.000000 0.000000 0.000000
11.811000 2.362200 -0.001458 0.000000 0.000000 0.000000 0.000000 0.000000 0.000000
12.992100 2.362200 -0.005775 0.000000 0.000000 0.000000 0.000000 0.000000 0.000000
12.992100 2.362200 0.000375 0.000000 0.000000 0.000000 0.000000 0.000000 0.000000
14.173200 2.362200 -0.000775 0.000000 0.000000 0.000000 0.000000 0.000000 0.000000
14.173200 2.362200 0.005458 0.000000 0.000000 0.000000 0.000000 0.000000 0.000000
15.354300 2.362200 -0.004108 0.000000 0.000000 0.000000 0.000000 0.000000 0.000000
15.354300 2.362200 0.002275 0.000000 0.000000 0.000000 0.000000 0.000000 0.000000
16.535400 2.362200 -0.005775 0.000000 0.000000 0.000000 0.000000 0.000000 0.000000
16.535400 2.362200 0.000375 0.000000 0.000000 0.000000 0.000000 0.000000 0.000000
17.716500 2.362200 -0.006775 0.000000 0.000000 0.000000 0.000000 0.000000 0.000000
17.716500 2.362200 -0.000692 0.000000 0.000000 0.000000 0.000000 0.000000 0.000000
18.897600 2.362200 -0.008442 0.000000 0.000000 0.000000 0.000000 0.000000 0.000000
18.897600 2.362200 -0.002525 0.000000 0.000000 0.000000 0.000000 0.000000 0.000000
20.078700 2.362200 -0.008108 0.000000 0.000000 0.000000 0.000000 0.000000 0.000000
20.078700 2.362200 -0.001975 0.000000 0.000000 0.000000 0.000000 0.000000 0.000000
-0.000000 3.543300 -0.018442 0.000000 0.000000 0.000000 0.000000 0.000000 0.000000
-0.000000 3.543300 -0.012308 0.000000 0.000000 0.000000 0.000000 0.000000 0.000000
1.181100 3.543300 -0.014775 0.000000 0.000000 0.000000 0.000000 0.000000 0.000000
1.181100 3.543300 -0.008508 0.000000 0.000000 0.000000 0.000000 0.000000 0.000000
2.362200 3.543300 -0.012108 0.000000 0.000000 0.000000 0.000000 0.000000 0.000000
2.362200 3.543300 -0.005942 0.000000 0.000000 0.000000 0.000000 0.000000 0.000000
3.543300 3.543300 -0.006108 0.000000 0.000000 0.000000 0.000000 0.000000 0.000000
3.543300 3.543300 -0.000125 0.000000 0.000000 0.000000 0.000000 0.000000 0.000000
4.724400 3.543300 -0.004442 0.000000 0.000000 0.000000 0.000000 0.000000 0.000000
4.724400 3.543300 0.001792 0.000000 0.000000 0.000000 0.000000 0.000000 0.000000
5.905500 3.543300 -0.008442 0.000000 0.000000 0.000000 0.000000 0.000000 0.000000
5.905500 3.543300 -0.002092 0.000000 0.000000 0.000000 0.000000 0.000000 0.000000
7.086600 3.543300 -0.011108 0.000000 0.000000 0.000000 0.000000 0.000000 0.000000
7.086600 3.543300 -0.005008 0.000000 0.000000 0.000000 0.000000 0.000000 0.000000
8.267700 3.543300 -0.012108 0.000000 0.000000 0.000000 0.000000 0.000000 0.000000
8.267700 3.543300 -0.005925 0.000000 0.000000 0.000000 0.000000 0.000000 0.000000
9.448800 3.543300 -0.012108 0.000000 0.000000 0.000000 0.000000 0.000000 0.000000
9.448800 3.543300 -0.005558 0.000000 0.000000 0.000000 0.000000 0.000000 0.000000
10.629900 3.543300 -0.010442 0.000000 0.000000 0.000000 0.000000 0.000000 0.000000
10.629900 3.543300 -0.004042 0.000000 0.000000 0.000000 0.000000 0.000000 0.000000
11.811000 3.543300 -0.006442 0.000000 0.000000 0.000000 0.000000 0.000000 0.000000
11.811000 3.543300 -0.000142 0.000000 0.000000 0.000000 0.000000 0.000000 0.000000
12.992100 3.543300 -0.004775 0.000000 0.000000 0.000000 0.000000 0.000000 0.000000
12.992100 3.543300 0.001425 0.000000 0.000000 0.000000 0.000000 0.000000 0.000000
14.173200 3.543300 0.000558 0.000000 0.000000 0.000000 0.000000 0.000000 0.000000
14.173200 3.543300 0.006725 0.000000 0.000000 0.000000 0.000000 0.000000 0.000000
15.354300 3.543300 -0.002775 0.000000 0.000000 0.000000 0.000000 0.000000 0.000000
15.354300 3.543300 0.003392 0.000000 0.000000 0.000000 0.000000 0.000000 0.000000
16.535400 3.543300 -0.004442 0.000000 0.000000 0.000000 0.000000 0.000000 0.000000
16.535400 3.543300 0.001758 0.000000 0.000000 0.000000 0.000000 0.000000 0.000000
17.716500 3.543300 -0.005775 0.000000 0.000000 0.000000 0.000000 0.000000 0.000000
17.716500 3.543300 0.000342 0.000000 0.000000 0.000000 0.000000 0.000000 0.000000
18.897600 3.543300 -0.007442 0.000000 0.000000 0.000000 0.000000 0.000000 0.000000
18.897600 3.543300 -0.001458 0.000000 0.000000 0.000000 0.000000 0.000000 0.000000
20.078700 3.543300 -0.007108 0.000000 0.000000 0.000000 0.000000 0.000000 0.000000
20.078700 3.543300 -0.000708 0.000000 0.000000 0.000000 0.000000 0.000000 0.000000
-0.000000 4.724400 -0.017775 0.000000 0.000000 0.000000 0.000000 0.000000 0.000000
-0.000000 4.724400 -0.011508 0.000000 0.000000 0.000000 0.000000 0.000000 0.000000
1.181100 4.724400 -0.014442 0.000000 0.000000 0.000000 0.000000 0.000000 0.000000
1.181100 4.724400 -0.007992 0.000000 0.000000 0.000000 0.000000 0.000000 0.000000
2.362200 4.724400 -0.011775 0.000000 0.000000 0.000000 0.000000 0.000000 0.000000
2.362200 4.724400 -0.005408 0.000000 0.000000 0.000000 0.000000 0.000000 0.000000
3.543300 4.724400 -0.005442 0.000000 0.000000 0.000000 0.000000 0.000000 0.000000
3.543300 4.724400 0.000792 0.000000 0.000000 0.000000 0.000000 0.000000 0.000000
4.724400 4.724400 -0.002775 0.000000 0.000000 0.000000 0.000000 0.000000 0.000000
4.724400 4.724400 0.003392 0.000000 0.000000 0.000000 0.000000 0.000000 0.000000
5.905500 4.724400 -0.006775 0.000000 0.000000 0.000000 0.000000 0.000000 0.000000
5.905500 4.724400 -0.000658 0.000000 0.000000 0.000000 0.000000 0.000000 0.000000
7.086600 4.724400 -0.010108 0.000000 0.000000 0.000000 0.000000 0.000000 0.000000
7.086600 4.724400 -0.003975 0.000000 0.000000 0.000000 0.000000 0.000000 0.000000
8.267700 4.724400 -0.011442 0.000000 0.000000 0.000000 0.000000 0.000000 0.000000
8.267700 4.724400 -0.005025 0.000000 0.000000 0.000000 0.000000 0.000000 0.000000
9.448800 4.724400 -0.011442 0.000000 0.000000 0.000000 0.000000 0.000000 0.000000
9.448800 4.724400 -0.005008 0.000000 0.000000 0.000000 0.000000 0.000000 0.000000
10.629900 4.724400 -0.009775 0.000000 0.000000 0.000000 0.000000 0.000000 0.000000
10.629900 4.724400 -0.003492 0.000000 0.000000 0.000000 0.000000 0.000000 0.000000
11.811000 4.724400 -0.005775 0.000000 0.000000 0.000000 0.000000 0.000000 0.000000
11.811000 4.724400 0.000375 0.000000 0.000000 0.000000 0.000000 0.000000 0.000000
12.992100 4.724400 -0.004108 0.000000 0.000000 0.000000 0.000000 0.000000 0.000000
12.992100 4.724400 0.001908 0.000000 0.000000 0.000000 0.000000 0.000000 0.000000
14.173200 4.724400 0.001225 0.000000 0.000000 0.000000 0.000000 0.000000 0.000000
14.173200 4.724400 0.007292 0.000000 0.000000 0.000000 0.000000 0.000000 0.000000
15.354300 4.724400 -0.002108 0.000000 0.000000 0.000000 0.000000 0.000000 0.000000
15.354300 4.724400 0.004275 0.000000 0.000000 0.000000 0.000000 0.000000 0.000000
16.535400 4.724400 -0.003775 0.000000 0.000000 0.000000 0.000000 0.000000 0.000000
16.535400 4.724400 0.002308 0.000000 0.000000 0.000000 0.000000 0.000000 0.000000
17.716500 4.724400 -0.005108 0.000000 0.000000 0.000000 0.000000 0.000000 0.000000
17.716500 4.724400 0.000908 0.000000 0.000000 0.000000 0.000000 0.000000 0.000000
18.897600 4.724400 -0.006775 0.000000 0.000000 0.000000 0.000000 0.000000 0.000000
18.897600 4.724400 -0.000642 0.000000 0.000000 0.000000 0.000000 0.000000 0.000000
20.078700 4.724400 -0.006108 0.000000 0.000000 0.000000 0.000000 0.000000 0.000000
20.078700 4.724400 -0.000125 0.000000 0.000000 0.000000 0.000000 0.000000 0.000000
0.000000 5.905500 -0.017442 0.000000 0.000000 0.000000 0.000000 0.000000 0.000000
0.000000 5.905500 -0.011292 0.000000 0.000000 0.000000 0.000000 0.000000 0.000000
1.181100 5.905500 -0.014108 0.000000 0.000000 0.000000 0.000000 0.000000 0.000000
1.181100 5.905500 -0.007842 0.000000 0.000000 0.000000 0.000000 0.000000 0.000000
2.362200 5.905500 -0.011442 0.000000 0.000000 0.000000 0.000000 0.000000 0.000000
2.362200 5.905500 -0.005008 0.000000 0.000000 0.000000 0.000000 0.000000 0.000000
3.543300 5.905500 -0.004775 0.000000 0.000000 0.000000 0.000000 0.000000 0.000000
3.543300 5.905500 0.000892 0.000000 0.000000 0.000000 0.000000 0.000000 0.000000
4.724400 5.905500 -0.001442 0.000000 0.000000 0.000000 0.000000 0.000000 0.000000
4.724400 5.905500 0.004758 0.000000 0.000000 0.000000 0.000000 0.000000 0.000000
5.905500 5.905500 -0.005775 0.000000 0.000000 0.000000 0.000000 0.000000 0.000000
5.905500 5.905500 0.000308 0.000000 0.000000 0.000000 0.000000 0.000000 0.000000
7.086600 5.905500 -0.009442 0.000000 0.000000 0.000000 0.000000 0.000000 0.000000
7.086600 5.905500 -0.003158 0.000000 0.000000 0.000000 0.000000 0.000000 0.000000
8.267700 5.905500 -0.011108 0.000000 0.000000 0.000000 0.000000 0.000000 0.000000
8.267700 5.905500 -0.004558 0.000000 0.000000 0.000000 0.000000 0.000000 0.000000
9.448800 5.905500 -0.010775 0.000000 0.000000 0.000000 0.000000 0.000000 0.000000
9.448800 5.905500 -0.004575 0.000000 0.000000 0.000000 0.000000 0.000000 0.000000
10.629900 5.905500 -0.009442 0.000000 0.000000 0.000000 0.000000 0.000000 0.000000
10.629900 5.905500 -0.003042 0.000000 0.000000 0.000000 0.000000 0.000000 0.000000
11.811000 5.905500 -0.005442 0.000000 0.000000 0.000000 0.000000 0.000000 0.000000
11.811000 5.905500 0.000808 0.000000 0.000000 0.000000 0.000000 0.000000 0.000000
12.992100 5.905500 -0.003775 0.000000 0.000000 0.000000 0.000000 0.000000 0.000000
12.992100 5.905500 0.002342 0.000000 0.000000 0.000000 0.000000 0.000000 0.000000
14.173200 5.905500 0.001225 0.000000 0.000000 0.000000 0.000000 0.000000 0.000000
14.173200 5.905500 0.007742 0.000000 0.000000 0.000000 0.000000 0.000000 0.000000
15.354300 5.905500 -0.001775 0.000000 0.000000 0.000000 0.000000 0.000000 0.000000
15.354300 5.905500 0.004692 0.000000 0.000000 0.000000 0.000000 0.000000 0.000000
16.535400 5.905500 -0.003775 0.000000 0.000000 0.000000 0.000000 0.000000 0.000000
16.535400 5.905500 0.002408 0.000000 0.000000 0.000000 0.000000 0.000000 0.000000
17.716500 5.905500 -0.005108 0.000000 0.000000 0.000000 0.000000 0.000000 0.000000
17.716500 5.905500 0.001275 0.000000 0.000000 0.000000 0.000000 0.000000 0.000000
18.897600 5.905500 -0.006775 0.000000 0.000000 0.000000 0.000000 0.000000 0.000000
18.897600 5.905500 -0.000592 0.000000 0.000000 0.000000 0.000000 0.000000 0.000000
20.078700 5.905500 -0.006108 0.000000 0.000000 0.000000 0.000000 0.000000 0.000000
20.078700 5.905500 0.000058 0.000000 0.000000 0.000000 0.000000 0.000000 0.000000
0.000000 7.086600 -0.016775 0.000000 0.000000 0.000000 0.000000 0.000000 0.000000
0.000000 7.086600 -0.010875 0.000000 0.000000 0.000000 0.000000 0.000000 0.000000
1.181100 7.086600 -0.013775 0.000000 0.000000 0.000000 0.000000 0.000000 0.000000
1.181100 7.086600 -0.007492 0.000000 0.000000 0.000000 0.000000 0.000000 0.000000
2.362200 7.086600 -0.011442 0.000000 0.000000 0.000000 0.000000 0.000000 0.000000
2.362200 7.086600 -0.005008 0.000000 0.000000 0.000000 0.000000 0.000000 0.000000
3.543300 7.086600 -0.004442 0.000000 0.000000 0.000000 0.000000 0.000000 0.000000
3.543300 7.086600 0.001325 0.000000 0.000000 0.000000 0.000000 0.000000 0.000000
4.724400 7.086600 -0.000775 0.000000 0.000000 0.000000 0.000000 0.000000 0.000000
4.724400 7.086600 0.005725 0.000000 0.000000 0.000000 0.000000 0.000000 0.000000
5.905500 7.086600 -0.005108 0.000000 0.000000 0.000000 0.000000 0.000000 0.000000
5.905500 7.086600 0.000875 0.000000 0.000000 0.000000 0.000000 0.000000 0.000000
7.086600 7.086600 -0.009108 0.000000 0.000000 0.000000 0.000000 0.000000 0.000000
7.086600 7.086600 -0.002642 0.000000 0.000000 0.000000 0.000000 0.000000 0.000000
8.267700 7.086600 -0.010442 0.000000 0.000000 0.000000 0.000000 0.000000 0.000000
8.267700 7.086600 -0.004092 0.000000 0.000000 0.000000 0.000000 0.000000 0.000000
9.448800 7.086600 -0.010775 0.000000 0.000000 0.000000 0.000000 0.000000 0.000000
9.448800 7.086600 -0.004425 0.000000 0.000000 0.000000 0.000000 0.000000 0.000000
10.629900 7.086600 -0.009108 0.000000 0.000000 0.000000 0.000000 0.000000 0.000000
10.629900 7.086600 -0.002642 0.000000 0.000000 0.000000 0.000000 0.000000 0.000000
11.811000 7.086600 -0.005108 0.000000 0.000000 0.000000 0.000000 0.000000 0.000000
11.811000 7.086600 0.000925 0.000000 0.000000 0.000000 0.000000 0.000000 0.000000
12.992100 7.086600 -0.003442 0.000000 0.000000 0.000000 0.000000 0.000000 0.000000
12.992100 7.086600 0.002458 0.000000 0.000000 0.000000 0.000000 0.000000 0.000000
14.173200 7.086600 0.001892 0.000000 0.000000 0.000000 0.000000 0.000000 0.000000
14.173200 7.086600 0.008192 0.000000 0.000000 0.000000 0.000000 0.000000 0.000000
15.354300 7.086600 -0.001442 0.000000 0.000000 0.000000 0.000000 0.000000 0.000000
15.354300 7.086600 0.004758 0.000000 0.000000 0.000000 0.000000 0.000000 0.000000
16.535400 7.086600 -0.003775 0.000000 0.000000 0.000000 0.000000 0.000000 0.000000
16.535400 7.086600 0.002475 0.000000 0.000000 0.000000 0.000000 0.000000 0.000000
17.716500 7.086600 -0.004775 0.000000 0.000000 0.000000 0.000000 0.000000 0.000000
17.716500 7.086600 0.001308 0.000000 0.000000 0.000000 0.000000 0.000000 0.000000
18.897600 7.086600 -0.006442 0.000000 0.000000 0.000000 0.000000 0.000000 0.000000
18.897600 7.086600 -0.000558 0.000000 0.000000 0.000000 0.000000 0.000000 0.000000
20.078700 7.086600 -0.005775 0.000000 0.000000 0.000000 0.000000 0.000000 0.000000
20.078700 7.086600 0.000275 0.000000 0.000000 0.000000 0.000000 0.000000 0.000000
-0.000000 8.267700 -0.016775 0.000000 0.000000 0.000000 0.000000 0.000000 0.000000
-0.000000 8.267700 -0.010458 0.000000 0.000000 0.000000 0.000000 0.000000 0.000000
1.181100 8.267700 -0.013775 0.000000 0.000000 0.000000 0.000000 0.000000 0.000000
1.181100 8.267700 -0.007458 0.000000 0.000000 0.000000 0.000000 0.000000 0.000000
2.362200 8.267700 -0.011442 0.000000 0.000000 0.000000 0.000000 0.000000 0.000000
2.362200 8.267700 -0.005075 0.000000 0.000000 0.000000 0.000000 0.000000 0.000000
3.543300 8.267700 -0.004442 0.000000 0.000000 0.000000 0.000000 0.000000 0.000000
3.543300 8.267700 0.001342 0.000000 0.000000 0.000000 0.000000 0.000000 0.000000
4.724400 8.267700 0.000225 0.000000 0.000000 0.000000 0.000000 0.000000 0.000000
4.724400 8.267700 0.006308 0.000000 0.000000 0.000000 0.000000 0.000000 0.000000
5.905500 8.267700 -0.004442 0.000000 0.000000 0.000000 0.000000 0.000000 0.000000
5.905500 8.267700 0.001425 0.000000 0.000000 0.000000 0.000000 0.000000 0.000000
7.086600 8.267700 -0.008775 0.000000 0.000000 0.000000 0.000000 0.000000 0.000000
7.086600 8.267700 -0.002475 0.000000 0.000000 0.000000 0.000000 0.000000 0.000000
8.267700 8.267700 -0.010442 0.000000 0.000000 0.000000 0.000000 0.000000 0.000000
8.267700 8.267700 -0.004042 0.000000 0.000000 0.000000 0.000000 0.000000 0.000000
9.448800 8.267700 -0.010442 0.000000 0.000000 0.000000 0.000000 0.000000 0.000000
9.448800 8.267700 -0.004142 0.000000 0.000000 0.000000 0.000000 0.000000 0.000000
10.629900 8.267700 -0.008775 0.000000 0.000000 0.000000 0.000000 0.000000 0.000000
10.629900 8.267700 -0.002642 0.000000 0.000000 0.000000 0.000000 0.000000 0.000000
11.811000 8.267700 -0.005108 0.000000 0.000000 0.000000 0.000000 0.000000 0.000000
11.811000 8.267700 0.000908 0.000000 0.000000 0.000000 0.000000 0.000000 0.000000
12.992100 8.267700 -0.003775 0.000000 0.000000 0.000000 0.000000 0.000000 0.000000
12.992100 8.267700 0.002425 0.000000 0.000000 0.000000 0.000000 0.000000 0.000000
14.173200 8.267700 0.001892 0.000000 0.000000 0.000000 0.000000 0.000000 0.000000
14.173200 8.267700 0.008192 0.000000 0.000000 0.000000 0.000000 0.000000 0.000000
15.354300 8.267700 -0.001775 0.000000 0.000000 0.000000 0.000000 0.000000 0.000000
15.354300 8.267700 0.004408 0.000000 0.000000 0.000000 0.000000 0.000000 0.000000
16.535400 8.267700 -0.003775 0.000000 0.000000 0.000000 0.000000 0.000000 0.000000
16.535400 8.267700 0.002342 0.000000 0.000000 0.000000 0.000000 0.000000 0.000000
17.716500 8.267700 -0.005108 0.000000 0.000000 0.000000 0.000000 0.000000 0.000000
17.716500 8.267700 0.001275 0.000000 0.000000 0.000000 0.000000 0.000000 0.000000
18.897600 8.267700 -0.006775 0.000000 0.000000 0.000000 0.000000 0.000000 0.000000
18.897600 8.267700 -0.000608 0.000000 0.000000 0.000000 0.000000 0.000000 0.000000
20.078700 8.267700 -0.006108 0.000000 0.000000 0.000000 0.000000 0.000000 0.000000
20.078700 8.267700 -0.000142 0.000000 0.000000 0.000000 0.000000 0.000000 0.000000
-0.000000 9.448800 -0.016108 0.000000 0.000000 0.000000 0.000000 0.000000 0.000000
-0.000000 9.448800 -0.009958 0.000000 0.000000 0.000000 0.000000 0.000000 0.000000
1.181100 9.448800 -0.013442 0.000000 0.000000 0.000000 0.000000 0.000000 0.000000
1.181100 9.448800 -0.007392 0.000000 0.000000 0.000000 0.000000 0.000000 0.000000
2.362200 9.448800 -0.011442 0.000000 0.000000 0.000000 0.000000 0.000000 0.000000
2.362200 9.448800 -0.005092 0.000000 0.000000 0.000000 0.000000 0.000000 0.000000
3.543300 9.448800 -0.004442 0.000000 0.000000 0.000000 0.000000 0.000000 0.000000
3.543300 9.448800 0.001342 0.000000 0.000000 0.000000 0.000000 0.000000 0.000000
4.724400 9.448800 0.000558 0.000000 0.000000 0.000000 0.000000 0.000000 0.000000
4.724400 9.448800 0.006775 0.000000 0.000000 0.000000 0.000000 0.000000 0.000000
5.905500 9.448800 -0.004442 0.000000 0.000000 0.000000 0.000000 0.000000 0.000000
5.905500 9.448800 0.001842 0.000000 0.000000 0.000000 0.000000 0.000000 0.000000
7.086600 9.448800 -0.008442 0.000000 0.000000 0.000000 0.000000 0.000000 0.000000
7.086600 9.448800 -0.002125 0.000000 0.000000 0.000000 0.000000 0.000000 0.000000
8.267700 9.448800 -0.010442 0.000000 0.000000 0.000000 0.000000 0.000000 0.000000
8.267700 9.448800 -0.004025 0.000000 0.000000 0.000000 0.000000 0.000000 0.000000
9.448800 9.448800 -0.010442 0.000000 0.000000 0.000000 0.000000 0.000000 0.000000
9.448800 9.448800 -0.004108 0.000000 0.000000 0.000000 0.000000 0.000000 0.000000
10.629900 9.448800 -0.009108 0.000000 0.000000 0.000000 0.000000 0.000000 0.000000
10.629900 9.448800 -0.002642 0.000000 0.000000 0.000000 0.000000 0.000000 0.000000
11.811000 9.448800 -0.005442 0.000000 0.000000 0.000000 0.000000 0.000000 0.000000
11.811000 9.448800 0.000858 0.000000 0.000000 0.000000 0.000000 0.000000 0.000000
12.992100 9.448800 -0.003775 0.000000 0.000000 0.000000 0.000000 0.000000 0.000000
12.992100 9.448800 0.002325 0.000000 0.000000 0.000000 0.000000 0.000000 0.000000
14.173200 9.448800 0.001558 0.000000 0.000000 0.000000 0.000000 0.000000 0.000000
14.173200 9.448800 0.007808 0.000000 0.000000 0.000000 0.000000 0.000000 0.000000
15.354300 9.448800 -0.002108 0.000000 0.000000 0.000000 0.000000 0.000000 0.000000
15.354300 9.448800 0.003925 0.000000 0.000000 0.000000 0.000000 0.000000 0.000000
16.535400 9.448800 -0.004108 0.000000 0.000000 0.000000 0.000000 0.000000 0.000000
16.535400 9.448800 0.001858 0.000000 0.000000 0.000000 0.000000 0.000000 0.000000
17.716500 9.448800 -0.005442 0.000000 0.000000 0.000000 0.000000 0.000000 0.000000
17.716500 9.448800 0.000808 0.000000 0.000000 0.000000 0.000000 0.000000 0.000000
18.897600 9.448800 -0.007108 0.000000 0.000000 0.000000 0.000000 0.000000 0.000000
18.897600 9.448800 -0.001108 0.000000 0.000000 0.000000 0.000000 0.000000 0.000000
20.078700 9.448800 -0.006775 0.000000 0.000000 0.000000 0.000000 0.000000 0.000000
20.078700 9.448800 -0.000642 0.000000 0.000000 0.000000 0.000000 0.000000 0.000000
-0.000000 10.629900 -0.015442 0.000000 0.000000 0.000000 0.000000 0.000000 0.000000
-0.000000 10.629900 -0.009425 0.000000 0.000000 0.000000 0.000000 0.000000 0.000000
1.181100 10.629900 -0.013108 0.000000 0.000000 0.000000 0.000000 0.000000 0.000000
1.181100 10.629900 -0.006925 0.000000 0.000000 0.000000 0.000000 0.000000 0.000000
2.362200 10.629900 -0.011775 0.000000 0.000000 0.000000 0.000000 0.000000 0.000000
2.362200 10.629900 -0.005442 0.000000 0.000000 0.000000 0.000000 0.000000 0.000000
3.543300 10.629900 -0.004775 0.000000 0.000000 0.000000 0.000000 0.000000 0.000000
3.543300 10.629900 0.000942 0.000000 0.000000 0.000000 0.000000 0.000000 0.000000
4.724400 10.629900 0.000558 0.000000 0.000000 0.000000 0.000000 0.000000 0.000000
4.724400 10.629900 0.006875 0.000000 0.000000 0.000000 0.000000 0.000000 0.000000
5.905500 10.629900 -0.004108 0.000000 0.000000 0.000000 0.000000 0.000000 0.000000
5.905500 10.629900 0.001858 0.000000 0.000000 0.000000 0.000000 0.000000 0.000000
7.086600 10.629900 -0.008442 0.000000 0.000000 0.000000 0.000000 0.000000 0.000000
7.086600 10.629900 -0.002108 0.000000 0.000000 0.000000 0.000000 0.000000 0.000000
8.267700 10.629900 -0.010442 0.000000 0.000000 0.000000 0.000000 0.000000 0.000000
8.267700 10.629900 -0.004075 0.000000 0.000000 0.000000 0.000000 0.000000 0.000000
9.448800 10.629900 -0.010775 0.000000 0.000000 0.000000 0.000000 0.000000 0.000000
9.448800 10.629900 -0.004542 0.000000 0.000000 0.000000 0.000000 0.000000 0.000000
10.629900 10.629900 -0.009108 0.000000 0.000000 0.000000 0.000000 0.000000 0.000000
10.629900 10.629900 -0.002625 0.000000 0.000000 0.000000 0.000000 0.000000 0.000000
11.811000 10.629900 -0.005442 0.000000 0.000000 0.000000 0.000000 0.000000 0.000000
11.811000 10.629900 0.000825 0.000000 0.000000 0.000000 0.000000 0.000000 0.000000
12.992100 10.629900 -0.003775 0.000000 0.000000 0.000000 0.000000 0.000000 0.000000
12.992100 10.629900 0.002308 0.000000 0.000000 0.000000 0.000000 0.000000 0.000000
14.173200 10.629900 0.001225 0.000000 0.000000 0.000000 0.000000 0.000000 0.000000
14.173200 10.629900 0.007642 0.000000 0.000000 0.000000 0.000000 0.000000 0.000000
15.354300 10.629900 -0.002775 0.000000 0.000000 0.000000 0.000000 0.000000 0.000000
15.354300 10.629900 0.003375 0.000000 0.000000 0.000000 0.000000 0.000000 0.000000
16.535400 10.629900 -0.005108 0.000000 0.000000 0.000000 0.000000 0.000000 0.000000
16.535400 10.629900 0.001292 0.000000 0.000000 0.000000 0.000000 0.000000 0.000000
17.716500 10.629900 -0.006108 0.000000 0.000000 0.000000 0.000000 0.000000 0.000000
17.716500 10.629900 -0.000008 0.000000 0.000000 0.000000 0.000000 0.000000 0.000000
18.897600 10.629900 -0.008108 0.000000 0.000000 0.000000 0.000000 0.000000 0.000000
18.897600 10.629900 -0.001758 0.000000 0.000000 0.000000 0.000000 0.000000 0.000000
20.078700 10.629900 -0.007775 0.000000 0.000000 0.000000 0.000000 0.000000 0.000000
20.078700 10.629900 -0.001642 0.000000 0.000000 0.000000 0.000000 0.000000 0.000000
-0.000000 11.811000 -0.015108 0.000000 0.000000 0.000000 0.000000 0.000000 0.000000
-0.000000 11.811000 -0.008908 0.000000 0.000000 0.000000 0.000000 0.000000 0.000000
1.181100 11.811000 -0.012442 0.000000 0.000000 0.000000 0.000000 0.000000 0.000000
1.181100 11.811000 -0.006075 0.000000 0.000000 0.000000 0.000000 0.000000 0.000000
2.362200 11.811000 -0.010775 0.000000 0.000000 0.000000 0.000000 0.000000 0.000000
2.362200 11.811000 -0.004108 0.000000 0.000000 0.000000 0.000000 0.000000 0.000000
3.543300 11.811000 -0.005108 0.000000 0.000000 0.000000 0.000000 0.000000 0.000000
3.543300 11.811000 0.000875 0.000000 0.000000 0.000000 0.000000 0.000000 0.000000
4.724400 11.811000 0.000558 0.000000 0.000000 0.000000 0.000000 0.000000 0.000000
4.724400 11.811000 0.007192 0.000000 0.000000 0.000000 0.000000 0.000000 0.000000
5.905500 11.811000 -0.004108 0.000000 0.000000 0.000000 0.000000 0.000000 0.000000
5.905500 11.811000 0.001892 0.000000 0.000000 0.000000 0.000000 0.000000 0.000000
7.086600 11.811000 -0.008442 0.000000 0.000000 0.000000 0.000000 0.000000 0.000000
7.086600 11.811000 -0.002108 0.000000 0.000000 0.000000 0.000000 0.000000 0.000000
8.267700 11.811000 -0.010442 0.000000 0.000000 0.000000 0.000000 0.000000 0.000000
8.267700 11.811000 -0.004042 0.000000 0.000000 0.000000 0.000000 0.000000 0.000000
9.448800 11.811000 -0.010442 0.000000 0.000000 0.000000 0.000000 0.000000 0.000000
9.448800 11.811000 -0.004108 0.000000 0.000000 0.000000 0.000000 0.000000 0.000000
10.629900 11.811000 -0.009108 0.000000 0.000000 0.000000 0.000000 0.000000 0.000000
10.629900 11.811000 -0.002958 0.000000 0.000000 0.000000 0.000000 0.000000 0.000000
11.811000 11.811000 -0.005442 0.000000 0.000000 0.000000 0.000000 0.000000 0.000000
11.811000 11.811000 0.000825 0.000000 0.000000 0.000000 0.000000 0.000000 0.000000
12.992100 11.811000 -0.003775 0.000000 0.000000 0.000000 0.000000 0.000000 0.000000
12.992100 11.811000 0.002408 0.000000 0.000000 0.000000 0.000000 0.000000 0.000000
14.173200 11.811000 0.000558 0.000000 0.000000 0.000000 0.000000 0.000000 0.000000
14.173200 11.811000 0.006792 0.000000 0.000000 0.000000 0.000000 0.000000 0.000000
15.354300 11.811000 -0.003108 0.000000 0.000000 0.000000 0.000000 0.000000 0.000000
15.354300 11.811000 0.003242 0.000000 0.000000 0.000000 0.000000 0.000000 0.000000
16.535400 11.811000 -0.005108 0.000000 0.000000 0.000000 0.000000 0.000000 0.000000
16.535400 11.811000 0.000958 0.000000 0.000000 0.000000 0.000000 0.000000 0.000000
17.716500 11.811000 -0.006442 0.000000 0.000000 0.000000 0.000000 0.000000 0.000000
17.716500 11.811000 -0.000492 0.000000 0.000000 0.000000 0.000000 0.000000 0.000000
18.897600 11.811000 -0.008442 0.000000 0.000000 0.000000 0.000000 0.000000 0.000000
18.897600 11.811000 -0.002475 0.000000 0.000000 0.000000 0.000000 0.000000 0.000000
20.078700 11.811000 -0.008108 0.000000 0.000000 0.000000 0.000000 0.000000 0.000000
20.078700 11.811000 -0.002092 0.000000 0.000000 0.000000 0.000000 0.000000 0.000000
