-0.000000 -0.000000 -0.006775 0.000000 0.000000 0.000000 0.000000 0.000000 0.000000
-0.000000 -0.000000 0.000058 0.000000 0.000000 0.000000 0.000000 0.000000 0.000000
.000000 0.000000 -0.009500 0.000000 0.000000 0.000000 0.000000 0.000000 0.000000
1.000000 0.000000 -0.001692 0.000000 0.000000 0.000000 0.000000 0.000000 0.000000
2.000000 0.000000 -0.010000 0.000000 0.000000 0.000000 0.000000 0.000000 0.000000
2.000000 0.000000 -0.002208 0.000000 0.000000 0.000000 0.000000 0.000000 0.000000
3.000000 0.000000 -0.010250 0.000000 0.000000 0.000000 0.000000 0.000000 0.000000
3.000000 0.000000 -0.002392 0.000000 0.000000 0.000000 0.000000 0.000000 0.000000
4.000000 0.000000 -0.010750 0.000000 0.000000 0.000000 0.000000 0.000000 0.000000
4.000000 0.000000 -0.002792 0.000000 0.000000 0.000000 0.000000 0.000000 0.000000
5.000000 0.000000 -0.011000 0.000000 0.000000 0.000000 0.000000 0.000000 0.000000
5.000000 0.000000 -0.003208 0.000000 0.000000 0.000000 0.000000 0.000000 0.000000
6.000000 0.000000 -0.011000 0.000000 0.000000 0.000000 0.000000 0.000000 0.000000
6.000000 0.000000 -0.003208 0.000000 0.000000 0.000000 0.000000 0.000000 0.000000
7.000000 0.000000 -0.011000 0.000000 0.000000 0.000000 0.000000 0.000000 0.000000
7.000000 0.000000 -0.003225 0.000000 0.000000 0.000000 0.000000 0.000000 0.000000
8.000000 0.000000 -0.010750 0.000000 0.000000 0.000000 0.000000 0.000000 0.000000
8.000000 0.000000 -0.002875 0.000000 0.000000 0.000000 0.000000 0.000000 0.000000
9.000000 0.000000 -0.010500 0.000000 0.000000 0.000000 0.000000 0.000000 0.000000
9.000000 0.000000 -0.002742 0.000000 0.000000 0.000000 0.000000 0.000000 0.000000
10.000000 0.000000 -0.010500 0.000000 0.000000 0.000000 0.000000 0.000000 0.000000
10.000000 0.000000 -0.002775 0.000000 0.000000 0.000000 0.000000 0.000000 0.000000
11.000000 0.000000 -0.011000 0.000000 0.000000 0.000000 0.000000 0.000000 0.000000
11.000000 0.000000 -0.002925 0.000000 0.000000 0.000000 0.000000 0.000000 0.000000
-0.000000 1.000000 -0.007250 0.000000 0.000000 0.000000 0.000000 0.000000 0.000000
-0.000000 1.000000 0.000675 0.000000 0.000000 0.000000 0.000000 0.000000 0.000000
1.000000 1.000000 -0.007750 0.000000 0.000000 0.000000 0.000000 0.000000 0.000000
1.000000 1.000000 0.000158 0.000000 0.000000 0.000000 0.000000 0.000000 0.000000
2.000000 1.000000 -0.008000 0.000000 0.000000 0.000000 0.000000 0.000000 0.000000
2.000000 1.000000 -0.000292 0.000000 0.000000 0.000000 0.000000 0.000000 0.000000
3.000000 1.000000 -0.008500 0.000000 0.000000 0.000000 0.000000 0.000000 0.000000
3.000000 1.000000 -0.000442 0.000000 0.000000 0.000000 0.000000 0.000000 0.000000
4.000000 1.000000 -0.008750 0.000000 0.000000 0.000000 0.000000 0.000000 0.000000
4.000000 1.000000 -0.000842 0.000000 0.000000 0.000000 0.000000 0.000000 0.000000
5.000000 1.000000 -0.009000 0.000000 0.000000 0.000000 0.000000 0.000000 0.000000
5.000000 1.000000 -0.000892 0.000000 0.000000 0.000000 0.000000 0.000000 0.000000
6.000000 1.000000 -0.009000 0.000000 0.000000 0.000000 0.000000 0.000000 0.000000
6.000000 1.000000 -0.000942 0.000000 0.000000 0.000000 0.000000 0.000000 0.000000
7.000000 1.000000 -0.009000 0.000000 0.000000 0.000000 0.000000 0.000000 0.000000
7.000000 1.000000 -0.000908 0.000000 0.000000 0.000000 0.000000 0.000000 0.000000
8.000000 1.000000 -0.008750 0.000000 0.000000 0.000000 0.000000 0.000000 0.000000
8.000000 1.000000 -0.000808 0.000000 0.000000 0.000000 0.000000 0.000000 0.000000
9.000000 1.000000 -0.008500 0.000000 0.000000 0.000000 0.000000 0.000000 0.000000
9.000000 1.000000 -0.000408 0.000000 0.000000 0.000000 0.000000 0.000000 0.000000
10.000000 1.000000 -0.008250 0.000000 0.000000 0.000000 0.000000 0.000000 0.000000
10.000000 1.000000 -0.000342 0.000000 0.000000 0.000000 0.000000 0.000000 0.000000
11.000000 1.000000 -0.008500 0.000000 0.000000 0.000000 0.000000 0.000000 0.000000
11.000000 1.000000 -0.000725 0.000000 0.000000 0.000000 0.000000 0.000000 0.000000
-0.000000 2.000000 -0.005750 0.000000 0.000000 0.000000 0.000000 0.000000 0.000000
-0.000000 2.000000 0.002158 0.000000 0.000000 0.000000 0.000000 0.0000000 0.000000 0.000000 0.000000
1.000000 2.000000 -0.001750 0.000000 0.000000 0.000000 0.000000 0.000000 0.000000
1.000000 2.000000 0.004442 0.000000 0.000000 0.000000 0.000000 0.000000 0.000000
2.000000 2.000000 -0.003250 0.000000 0.000000 0.000000 0.000000 0.000000 0.000000
2.000000 2.000000 0.003075 0.000000 0.000000 0.000000 0.000000 0.000000 0.000000
3.000000 2.000000 -0.004500 0.000000 0.000000 0.000000 0.000000 0.000000 0.000000
3.000000 2.000000 0.002592 0.000000 0.000000 0.000000 0.000000 0.000000 0.000000
4.000000 2.000000 -0.006000 0.000000 0.000000 0.000000 0.000000 0.000000 0.000000
4.000000 2.000000 0.001658 0.000000 0.000000 0.000000 0.000000 0.000000 0.000000
5.000000 2.000000 -0.007000 0.000000 0.000000 0.000000 0.000000 0.000000 0.000000
5.000000 2.000000 0.001108 0.000000 0.000000 0.000000 0.000000 0.000000 0.000000
6.000000 2.000000 -0.007750 0.000000 0.000000 0.000000 0.000000 0.000000 0.000000
6.000000 2.000000 0.000542 0.000000 0.000000 0.000000 0.000000 0.000000 0.000000
7.000000 2.000000 -0.008750 0.000000 0.000000 0.000000 0.000000 0.000000 0.000000
7.000000 2.000000 -0.000825 0.000000 0.000000 0.000000 0.000000 0.000000 0.000000
8.000000 2.000000 -0.009000 0.000000 0.000000 0.000000 0.000000 0.000000 0.000000
8.000000 2.000000 -0.001392 0.000000 0.000000 0.000000 0.000000 0.000000 0.000000
9.000000 2.000000 -0.009500 0.000000 0.000000 0.000000 0.000000 0.000000 0.000000
9.000000 2.000000 -0.002275 0.000000 0.000000 0.000000 0.000000 0.000000 0.000000
10.000000 2.000000 -0.010250 0.000000 0.000000 0.000000 0.000000 0.000000 0.000000
10.000000 2.000000 -0.003192 0.000000 0.000000 0.000000 0.000000 0.000000 0.000000
11.000000 2.000000 -0.010000 0.000000 0.000000 0.000000 0.000000 0.000000 0.000000
11.000000 2.000000 -0.002908 0.000000 0.000000 0.000000 0.000000 0.000000 0.000000
-0.000000 3.000000 -0.002500 0.000000 0.000000 0.000000 0.000000 0.000000 0.000000
-0.000000 3.000000 0.004575 0.000000 0.000000 0.000000 0.000000 0.000000 0.000000
1.000000 3.000000 -0.004000 0.000000 0.000000 0.000000 0.000000 0.000000 0.000000
1.000000 3.000000 0.003125 0.000000 0.000000 0.000000 0.000000 0.000000 0.000000
2.000000 3.000000 -0.005000 0.000000 0.000000 0.000000 0.000000 0.000000 0.000000
2.000000 3.000000 0.002958 0.000000 0.000000 0.000000 0.000000 0.000000 0.000000
3.000000 3.000000 -0.005250 0.000000 0.000000 0.000000 0.000000 0.000000 0.000000
3.000000 3.000000 0.002592 0.000000 0.000000 0.000000 0.000000 0.000000 0.000000
4.000000 3.000000 -0.005500 0.000000 0.000000 0.000000 0.000000 0.000000 0.000000
4.000000 3.000000 0.002558 0.000000 0.000000 0.000000 0.000000 0.000000 0.000000
5.000000 3.000000 -0.005500 0.000000 0.000000 0.000000 0.000000 0.000000 0.000000
5.000000 3.000000 0.002242 0.000000 0.000000 0.000000 0.000000 0.000000 0.000000
6.000000 3.000000 -0.005250 0.000000 0.000000 0.000000 0.000000 0.000000 0.000000
6.000000 3.000000 0.002525 0.000000 0.000000 0.000000 0.000000 0.000000 0.000000
7.000000 3.000000 -0.005250 0.000000 0.000000 0.000000 0.000000 0.000000 0.000000
7.000000 3.000000 0.002608 0.000000 0.000000 0.000000 0.000000 0.000000 0.000000
8.000000 3.000000 -0.004750 0.000000 0.000000 0.000000 0.000000 0.000000 0.000000
8.000000 3.000000 0.003042 0.000000 0.000000 0.000000 0.000000 0.000000 0.000000
9.000000 3.000000 -0.004500 0.000000 0.000000 0.000000 0.000000 0.000000 0.000000
9.000000 3.000000 0.003492 0.000000 0.000000 0.000000 0.000000 0.000000 0.000000
10.000000 3.000000 -0.004250 0.000000 0.000000 0.000000 0.000000 0.000000 0.000000
10.000000 3.000000 0.003558 0.000000 0.000000 0.000000 0.000000 0.000000 0.000000
11.000000 3.000000 -0.004500 0.000000 0.000000 0.000000 0.000000 0.000000 0.000000
11.000000 3.000000 0.003458 0.000000 0.000000 0.000000 0.000000 0.000000 0.000000
3000 0.000000 0.000000 0.000000 0.000000 0.000000 0.000000
-0.000000 4.000000 0.004608 0.000000 0.000000 0.000000 0.000000 0.000000 0.000000
1.000000 4.000000 -0.003500 0.000000 0.000000 0.000000 0.000000 0.000000 0.000000
1.000000 4.000000 0.004175 0.000000 0.000000 0.000000 0.000000 0.000000 0.000000
2.000000 4.000000 -0.003750 0.000000 0.000000 0.000000 0.000000 0.000000 0.000000
2.000000 4.000000 0.004058 0.000000 0.000000 0.000000 0.000000 0.000000 0.000000
3.000000 4.000000 -0.004000 0.000000 0.000000 0.000000 0.000000 0.000000 0.000000
3.000000 4.000000 0.003858 0.000000 0.000000 0.000000 0.000000 0.000000 0.000000
4.000000 4.000000 -0.004250 0.000000 0.000000 0.000000 0.000000 0.000000 0.000000
4.000000 4.000000 0.003658 0.000000 0.000000 0.000000 0.000000 0.000000 0.000000
5.000000 4.000000 -0.004000 0.000000 0.000000 0.000000 0.000000 0.000000 0.000000
5.000000 4.000000 0.003692 0.000000 0.000000 0.000000 0.000000 0.000000 0.000000
6.000000 4.000000 -0.004000 0.000000 0.000000 0.000000 0.000000 0.000000 0.000000
6.000000 4.000000 0.003958 0.000000 0.000000 0.000000 0.000000 0.000000 0.000000
7.000000 4.000000 -0.003750 0.000000 0.000000 0.000000 0.000000 0.000000 0.000000
7.000000 4.000000 0.004058 0.000000 0.000000 0.000000 0.000000 0.000000 0.000000
8.000000 4.000000 -0.003250 0.000000 0.000000 0.000000 0.000000 0.000000 0.000000
8.000000 4.000000 0.004575 0.000000 0.000000 0.000000 0.000000 0.000000 0.000000
9.000000 4.000000 -0.002750 0.000000 0.000000 0.000000 0.000000 0.000000 0.000000
9.000000 4.000000 0.005025 0.000000 0.000000 0.000000 0.000000 0.000000 0.000000
10.000000 4.000000 -0.002750 0.000000 0.000000 0.000000 0.000000 0.000000 0.000000
10.000000 4.000000 0.005158 0.000000 0.000000 0.000000 0.000000 0.000000 0.000000
11.000000 4.000000 -0.002750 0.000000 0.000000 0.000000 0.000000 0.000000 0.000000
11.000000 4.000000 0.005125 0.000000 0.000000 0.000000 0.000000 0.000000 0.000000
0.000000 5.000000 -0.002250 0.000000 0.000000 0.000000 0.000000 0.000000 0.000000
0.000000 5.000000 0.005558 0.000000 0.000000 0.000000 0.000000 0.000000 0.000000
1.000000 5.000000 -0.002500 0.000000 0.000000 0.000000 0.000000 0.000000 0.000000
1.000000 5.000000 0.005192 0.000000 0.000000 0.000000 0.000000 0.000000 0.000000
2.000000 5.000000 -0.002750 0.000000 0.000000 0.000000 0.000000 0.000000 0.000000
2.000000 5.000000 0.005075 0.000000 0.000000 0.000000 0.000000 0.000000 0.000000
3.000000 5.000000 -0.002750 0.000000 0.000000 0.000000 0.000000 0.000000 0.000000
3.000000 5.000000 0.005025 0.000000 0.000000 0.000000 0.000000 0.000000 0.000000
4.000000 5.000000 -0.003000 0.000000 0.000000 0.000000 0.000000 0.000000 0.000000
4.000000 5.000000 0.005025 0.000000 0.000000 0.000000 0.000000 0.000000 0.000000
5.000000 5.000000 -0.002750 0.000000 0.000000 0.000000 0.000000 0.000000 0.000000
5.000000 5.000000 0.005058 0.000000 0.000000 0.000000 0.000000 0.000000 0.000000
6.000000 5.000000 -0.002750 0.000000 0.000000 0.000000 0.000000 0.000000 0.000000
6.000000 5.000000 0.005075 0.000000 0.000000 0.000000 0.000000 0.000000 0.000000
7.000000 5.000000 -0.002500 0.000000 0.000000 0.000000 0.000000 0.000000 0.000000
7.000000 5.000000 0.005475 0.000000 0.000000 0.000000 0.000000 0.000000 0.000000
8.000000 5.000000 -0.002000 0.000000 0.000000 0.000000 0.000000 0.000000 0.000000
8.000000 5.000000 0.005992 0.000000 0.000000 0.000000 0.000000 0.000000 0.000000
9.000000 5.000000 -0.001500 0.000000 0.000000 0.000000 0.000000 0.000000 0.000000
9.000000 5.000000 0.006475 0.000000 0.000000 0.000000 0.000000 0.000000 0.000000
10.000000 5.000000 -0.001250 0.000000 0.000000 0.000000 0.000000 0.000000 0.000000
10.000000 5.000000 0.006658 0.000000 0.000000 0.000000 0.000000 0.000000 0.000000
11.000000 5.000000 -0.001250 0.000000 0.000000 0.000000 0.000000 0.000000 0.000000
11.000000 5.000000 0.006658 0.000000 0.000000 0.000000 0.000000 0.000000 0.000000
-0.000000 6.000000 -0.001500 0.000000 0.000000 0.000000 0.000000 0.000000 0.000000
-0.000000 6.000000 0.006292 0.000000 0.000000 0.000000 0.000000 0.000000 0.000000
1.000000 6.000000 -0.001750 0.000000 0.000000 0.000000 0.000000 0.000000 0.000000
1.000000 6.000000 0.006058 0.000000 0.000000 0.000000 0.000000 0.000000 0.000000
2.000000 6.000000 -0.002000 0.000000 0.000000 0.000000 0.000000 0.000000 0.000000
2.000000 6.000000 0.005975 0.000000 0.000000 0.000000 0.000000 0.000000 0.000000
3.000000 6.000000 -0.002000 0.000000 0.000000 0.000000 0.000000 0.000000 0.000000
3.000000 6.000000 0.005958 0.000000 0.000000 0.000000 0.000000 0.000000 0.000000
4.000000 6.000000 -0.002000 0.000000 0.000000 0.000000 0.000000 0.000000 0.000000
4.000000 6.000000 0.005958 0.000000 0.000000 0.000000 0.000000 0.000000 0.000000
5.000000 6.000000 -0.002000 0.000000 0.000000 0.000000 0.000000 0.000000 0.000000
5.000000 6.000000 0.006008 0.000000 0.000000 0.000000 0.000000 0.000000 0.000000
6.000000 6.000000 -0.001750 0.000000 0.000000 0.000000 0.000000 0.000000 0.000000
6.000000 6.000000 0.006142 0.000000 0.000000 0.000000 0.000000 0.000000 0.000000
7.000000 6.000000 -0.001500 0.000000 0.000000 0.000000 0.000000 0.000000 0.000000
7.000000 6.000000 0.006592 0.000000 0.000000 0.000000 0.000000 0.000000 0.000000
8.000000 6.000000 -0.000750 0.000000 0.000000 0.000000 0.000000 0.000000 0.000000
8.000000 6.000000 0.007108 0.000000 0.000000 0.000000 0.000000 0.000000 0.000000
9.000000 6.000000 -0.000250 0.000000 0.000000 0.000000 0.000000 0.000000 0.000000
9.000000 6.000000 0.007658 0.000000 0.000000 0.000000 0.000000 0.000000 0.000000
10.000000 6.000000 -0.000000 0.000000 0.000000 0.000000 0.000000 0.000000 0.000000
10.000000 6.000000 0.008025 0.000000 0.000000 0.000000 0.000000 0.000000 0.000000
11.000000 6.000000 -0.000000 0.000000 0.000000 0.000000 0.000000 0.000000 0.000000
11.000000 6.000000 0.008008 0.000000 0.000000 0.000000 0.000000 0.000000 0.000000
0.000000 7.000000 -0.001000 0.000000 0.000000 0.000000 0.000000 0.000000 0.000000
0.000000 7.000000 0.006942 0.000000 0.000000 0.000000 0.000000 0.000000 0.000000
1.000000 7.000000 -0.001250 0.000000 0.000000 0.000000 0.000000 0.000000 0.000000
1.000000 7.000000 0.006625 0.000000 0.000000 0.000000 0.000000 0.000000 0.000000
2.000000 7.000000 -0.001500 0.000000 0.000000 0.000000 0.000000 0.000000 0.000000
2.000000 7.000000 0.006542 0.000000 0.000000 0.000000 0.000000 0.000000 0.000000
3.000000 7.000000 -0.001250 0.000000 0.000000 0.000000 0.000000 0.000000 0.000000
3.000000 7.000000 0.006558 0.000000 0.000000 0.000000 0.000000 0.000000 0.000000
4.000000 7.000000 -0.001250 0.000000 0.000000 0.000000 0.000000 0.000000 0.000000
4.000000 7.000000 0.006592 0.000000 0.000000 0.000000 0.000000 0.000000 0.000000
5.000000 7.000000 -0.001250 0.000000 0.000000 0.000000 0.000000 0.000000 0.000000
5.000000 7.000000 0.006908 0.000000 0.000000 0.000000 0.000000 0.000000 0.000000
6.000000 7.000000 -0.001000 0.000000 0.000000 0.000000 0.000000 0.000000 0.000000
6.000000 7.000000 0.007042 0.000000 0.000000 0.000000 0.000000 0.000000 0.000000
7.000000 7.000000 -0.000500 0.000000 0.000000 0.000000 0.000000 0.000000 0.000000
7.000000 7.000000 0.007508 0.000000 0.000000 0.000000 0.000000 0.000000 0.000000
8.000000 7.000000 0.000250 0.000000 0.000000 0.000000 0.000000 0.000000 0.000000
8.000000 7.000000 0.008108 0.000000 0.000000 0.000000 0.000000 0.000000 0.000000
9.000000 7.000000 0.001000 0.000000 0.000000 0.000000 0.000000 0.000000 0.000000
9.000000 7.000000 0.008742 0.000000 0.000000 0.000000 0.000000 0.000000 0.000000
10.000000 7.000000 0.001250 0.000000 0.000000 0.000000 0.000000 0.000000 0.000000
10.000000 7.000000 0.009092 0.000000 0.000000 0.000000 0.000000 0.000000 0.000000
11.000000 7.000000 0.001250 0.000000 0.000000 0.000000 0.000000 0.000000 0.000000
11.000000 7.000000 0.009308 0.000000 0.000000 0.000000 0.000000 0.000000 0.000000
-0.000000 8.000000 -0.000500 0.000000 0.000000 0.000000 0.000000 0.000000 0.000000
-0.000000 8.000000 0.007492 0.000000 0.000000 0.000000 0.000000 0.000000 0.000000
1.000000 8.000000 -0.000500 0.000000 0.000000 0.000000 0.000000 0.000000 0.000000
1.000000 8.000000 0.007442 0.000000 0.000000 0.000000 0.000000 0.000000 0.000000
2.000000 8.000000 -0.000750 0.000000 0.000000 0.000000 0.000000 0.000000 0.000000
2.000000 8.000000 0.007308 0.000000 0.000000 0.000000 0.000000 0.000000 0.000000
3.000000 8.000000 -0.000500 0.000000 0.000000 0.000000 0.000000 0.000000 0.000000
3.000000 8.000000 0.007408 0.000000 0.000000 0.000000 0.000000 0.000000 0.000000
4.000000 8.000000 -0.000500 0.000000 0.000000 0.000000 0.000000 0.000000 0.000000
4.000000 8.000000 0.007508 0.000000 0.000000 0.000000 0.000000 0.000000 0.000000
5.000000 8.000000 -0.000500 0.000000 0.000000 0.000000 0.000000 0.000000 0.000000
5.000000 8.000000 0.007658 0.000000 0.000000 0.000000 0.000000 0.000000 0.000000
6.000000 8.000000 -0.000000 0.000000 0.000000 0.000000 0.000000 0.000000 0.000000
6.000000 8.000000 0.007975 0.000000 0.000000 0.000000 0.000000 0.000000 0.000000
7.000000 8.000000 0.000500 0.000000 0.000000 0.000000 0.000000 0.000000 0.000000
7.000000 8.000000 0.008475 0.000000 0.000000 0.000000 0.000000 0.000000 0.000000
8.000000 8.000000 0.001250 0.000000 0.000000 0.000000 0.000000 0.000000 0.000000
8.000000 8.000000 0.009025 0.000000 0.000000 0.000000 0.000000 0.000000 0.000000
9.000000 8.000000 0.002000 0.000000 0.000000 0.000000 0.000000 0.000000 0.000000
9.000000 8.000000 0.009875 0.000000 0.000000 0.000000 0.000000 0.000000 0.000000
10.000000 8.000000 0.002500 0.000000 0.000000 0.000000 0.000000 0.000000 0.000000
10.000000 8.000000 0.010308 0.000000 0.000000 0.000000 0.000000 0.000000 0.000000
11.000000 8.000000 0.002500 0.000000 0.000000 0.000000 0.000000 0.000000 0.000000
11.000000 8.000000 0.010408 0.000000 0.000000 0.000000 0.000000 0.000000 0.000000
