0.000000 -0.000000 -0.000500 0.000000 0.000000 0.000000 0.000000 0.000000 0.000000
0.000000 -0.000000 0.007442 0.000000 0.000000 0.000000 0.000000 0.000000 0.000000
2.362200 -0.000000 0.003250 0.000000 0.000000 0.000000 0.000000 0.000000 0.000000
2.362200 -0.000000 0.011258 0.000000 0.000000 0.000000 0.000000 0.000000 0.000000
4.724400 -0.000000 0.010000 0.000000 0.000000 0.000000 0.000000 0.000000 0.000000
4.724400 -0.000000 0.017942 0.000000 0.000000 0.000000 0.000000 0.000000 0.000000
7.086600 -0.000000 0.005250 0.000000 0.000000 0.000000 0.000000 0.000000 0.000000
7.086600 -0.000000 0.013208 0.000000 0.000000 0.000000 0.000000 0.000000 0.000000
9.448800 -0.000000 0.002000 0.000000 0.000000 0.000000 0.000000 0.000000 0.000000
9.448800 -0.000000 0.009825 0.000000 0.000000 0.000000 0.000000 0.000000 0.000000
11.811000 -0.000000 0.002250 0.000000 0.000000 0.000000 0.000000 0.000000 0.000000
11.811000 -0.000000 0.010258 0.000000 0.000000 0.000000 0.000000 0.000000 0.000000
14.173200 -0.000000 0.006500 0.000000 0.000000 0.000000 0.000000 0.000000 0.000000
14.173200 -0.000000 0.014342 0.000000 0.000000 0.000000 0.000000 0.000000 0.000000
16.535400 -0.000000 0.007000 0.000000 0.000000 0.000000 0.000000 0.000000 0.000000
16.535400 -0.000000 0.014725 0.000000 0.000000 0.000000 0.000000 0.000000 0.000000
18.897600 -0.000000 0.002750 0.000000 0.000000 0.000000 0.000000 0.000000 0.000000
18.897600 -0.000000 0.010725 0.000000 0.000000 0.000000 0.000000 0.000000 0.000000
21.259800 -0.000000 0.000250 0.000000 0.000000 0.000000 0.000000 0.000000 0.000000
21.259800 -0.000000 0.008258 0.000000 0.000000 0.000000 0.000000 0.000000 0.000000
23.622000 -0.000000 0.003500 0.000000 0.000000 0.000000 0.000000 0.000000 0.000000
23.622000 -0.000000 0.011308 0.000000 0.000000 0.000000 0.000000 0.000000 0.000000
25.984200 -0.000000 0.013250 0.000000 0.000000 0.000000 0.000000 0.000000 0.000000
25.984200 -0.000000 0.021458 0.000000 0.000000 0.000000 0.000000 0.000000 0.000000
28.346400 -0.000000 0.005750 0.000000 0.000000 0.000000 0.000000 0.000000 0.000000
28.346400 -0.000000 0.013725 0.000000 0.000000 0.000000 0.000000 0.000000 0.000000
30.708600 -0.000000 -0.000250 0.000000 0.000000 0.000000 0.000000 0.000000 0.000000
30.708600 -0.000000 0.007792 0.000000 0.000000 0.000000 0.000000 0.000000 0.000000
33.070800 -0.000000 -0.003500 0.000000 0.000000 0.000000 0.000000 0.000000 0.000000
33.070800 -0.000000 0.004408 0.000000 0.000000 0.000000 0.000000 0.000000 0.000000
35.433000 -0.000000 -0.003500 0.000000 0.000000 0.000000 0.000000 0.000000 0.000000
35.433000 -0.000000 0.004425 0.000000 0.000000 0.000000 0.000000 0.000000 0.000000
37.795200 -0.000000 -0.007000 0.000000 0.000000 0.000000 0.000000 0.000000 0.000000
37.795200 -0.000000 0.000992 0.000000 0.000000 0.000000 0.000000 0.000000 0.000000
40.157400 -0.000000 -0.014750 0.000000 0.000000 0.000000 0.000000 0.000000 0.000000
40.157400 -0.000000 -0.006858 0.000000 0.000000 0.000000 0.000000 0.000000 0.000000
-0.000000 2.362200 0.010750 0.000000 0.000000 0.000000 0.000000 0.000000 0.000000
-0.000000 2.362200 0.018625 0.000000 0.000000 0.000000 0.000000 0.000000 0.000000
2.362200 2.362200 0.014250 0.000000 0.000000 0.000000 0.000000 0.000000 0.000000
2.362200 2.362200 0.022225 0.000000 0.000000 0.000000 0.000000 0.000000 0.000000
4.724400 2.362200 0.021250 0.000000 0.000000 0.000000 0.000000 0.000000 0.000000
4.724400 2.362200 0.029242 0.000000 0.000000 0.000000 0.000000 0.000000 0.000000
7.086600 2.362200 0.017500 0.000000 0.000000 0.000000 0.000000 0.000000 0.000000
7.086600 2.362200 0.025425 0.000000 0.000000 0.000000 0.000000 0.000000 0.000000
9.448800 2.362200 0.012500 0.000000 0.000000 0.000000 0.000000 0.000000 0.000000
9.448800 2.362200 0.020592 0.000000 0.000000 0.000000 0.000000 0.000000 0.000000
11.811000 2.362200 0.012750 0.000000 0.000000 0.000000 0.000000 0.000000 0.000000
11.811000 2.362200 0.020908 0.000000 0.000000 0.000000 0.000000 0.000000 0.000000
14.173200 2.362200 0.017250 0.000000 0.000000 0.000000 0.000000 0.000000 0.000000
14.173200 2.362200 0.025025 0.000000 0.000000 0.000000 0.000000 0.000000 0.000000
16.535400 2.362200 0.017500 0.000000 0.000000 0.000000 0.000000 0.000000 0.000000
16.535400 2.362200 0.025425 0.000000 0.000000 0.000000 0.000000 0.000000 0.000000
18.897600 2.362200 0.013000 0.000000 0.000000 0.000000 0.000000 0.000000 0.000000
18.897600 2.362200 0.021108 0.000000 0.000000 0.000000 0.000000 0.000000 0.000000
21.259800 2.362200 0.010250 0.000000 0.000000 0.000000 0.000000 0.000000 0.000000
21.259800 2.362200 0.018192 0.000000 0.000000 0.000000 0.000000 0.000000 0.000000
23.622000 2.362200 0.013250 0.000000 0.000000 0.000000 0.000000 0.000000 0.000000
23.622000 2.362200 0.021458 0.000000 0.000000 0.000000 0.000000 0.000000 0.000000
25.984200 2.362200 0.022500 0.000000 0.000000 0.000000 0.000000 0.000000 0.000000
25.984200 2.362200 0.030442 0.000000 0.000000 0.000000 0.000000 0.000000 0.000000
28.346400 2.362200 0.014750 0.000000 0.000000 0.000000 0.000000 0.000000 0.000000
28.346400 2.362200 0.022592 0.000000 0.000000 0.000000 0.000000 0.000000 0.000000
30.708600 2.362200 0.008000 0.000000 0.000000 0.000000 0.000000 0.000000 0.000000
30.708600 2.362200 0.015775 0.000000 0.000000 0.000000 0.000000 0.000000 0.000000
33.070800 2.362200 0.003500 0.000000 0.000000 0.000000 0.000000 0.000000 0.000000
33.070800 2.362200 0.011425 0.000000 0.000000 0.000000 0.000000 0.000000 0.000000
35.433000 2.362200 0.004000 0.000000 0.000000 0.000000 0.000000 0.000000 0.000000
35.433000 2.362200 0.011908 0.000000 0.000000 0.000000 0.000000 0.000000 0.000000
37.795200 2.362200 -0.000250 0.000000 0.000000 0.000000 0.000000 0.000000 0.000000
37.795200 2.362200 0.007825 0.000000 0.000000 0.000000 0.000000 0.000000 0.000000
40.157400 2.362200 -0.008250 0.000000 0.000000 0.000000 0.000000 0.000000 0.000000
40.157400 2.362200 -0.000075 0.000000 0.000000 0.000000 0.000000 0.000000 0.000000
-0.000000 4.724400 0.020500 0.000000 0.000000 0.000000 0.000000 0.000000 0.000000
-0.000000 4.724400 0.028492 0.000000 0.000000 0.000000 0.000000 0.000000 0.000000
2.362200 4.724400 0.024250 0.000000 0.000000 0.000000 0.000000 0.000000 0.000000
2.362200 4.724400 0.032292 0.000000 0.000000 0.000000 0.000000 0.000000 0.000000
4.724400 4.724400 0.031000 0.000000 0.000000 0.000000 0.000000 0.000000 0.000000
4.724400 4.724400 0.038892 0.000000 0.000000 0.000000 0.000000 0.000000 0.000000
7.086600 4.724400 0.028750 0.000000 0.000000 0.000000 0.000000 0.000000 0.000000
7.086600 4.724400 0.036442 0.000000 0.000000 0.000000 0.000000 0.000000 0.000000
9.448800 4.724400 0.022500 0.000000 0.000000 0.000000 0.000000 0.000000 0.000000
9.448800 4.724400 0.030425 0.000000 0.000000 0.000000 0.000000 0.000000 0.000000
11.811000 4.724400 0.022500 0.000000 0.000000 0.000000 0.000000 0.000000 0.000000
11.811000 4.724400 0.030425 0.000000 0.000000 0.000000 0.000000 0.000000 0.000000
14.173200 4.724400 0.026500 0.000000 0.000000 0.000000 0.000000 0.000000 0.000000
14.173200 4.724400 0.034408 0.000000 0.000000 0.000000 0.000000 0.000000 0.000000
16.535400 4.724400 0.027000 0.000000 0.000000 0.000000 0.000000 0.000000 0.000000
16.535400 4.724400 0.034908 0.000000 0.000000 0.000000 0.000000 0.000000 0.000000
18.897600 4.724400 0.022500 0.000000 0.000000 0.000000 0.000000 0.000000 0.000000
18.897600 4.724400 0.030408 0.000000 0.000000 0.000000 0.000000 0.000000 0.000000
21.259800 4.724400 0.019500 0.000000 0.000000 0.000000 0.000000 0.000000 0.000000
21.259800 4.724400 0.027408 0.000000 0.000000 0.000000 0.000000 0.000000 0.000000
23.622000 4.724400 0.022250 0.000000 0.000000 0.000000 0.000000 0.000000 0.000000
23.622000 4.724400 0.030325 0.000000 0.000000 0.000000 0.000000 0.000000 0.000000
25.984200 4.724400 0.030750 0.000000 0.000000 0.000000 0.000000 0.000000 0.000000
25.984200 4.724400 0.038725 0.000000 0.000000 0.000000 0.000000 0.000000 0.000000
28.346400 4.724400 0.023750 0.000000 0.000000 0.000000 0.000000 0.000000 0.000000
28.346400 4.724400 0.031725 0.000000 0.000000 0.000000 0.000000 0.000000 0.000000
30.708600 4.724400 0.015750 0.000000 0.000000 0.000000 0.000000 0.000000 0.000000
30.708600 4.724400 0.023575 0.000000 0.000000 0.000000 0.000000 0.000000 0.000000
33.070800 4.724400 0.010500 0.000000 0.000000 0.000000 0.000000 0.000000 0.000000
33.070800 4.724400 0.018575 0.000000 0.000000 0.000000 0.000000 0.000000 0.000000
35.433000 4.724400 0.010750 0.000000 0.000000 0.000000 0.000000 0.000000 0.000000
35.433000 4.724400 0.018708 0.000000 0.000000 0.000000 0.000000 0.000000 0.000000
37.795200 4.724400 0.006500 0.000000 0.000000 0.000000 0.000000 0.000000 0.000000
37.795200 4.724400 0.014275 0.000000 0.000000 0.000000 0.000000 0.000000 0.000000
40.157400 4.724400 -0.001750 0.000000 0.000000 0.000000 0.000000 0.000000 0.000000
40.157400 4.724400 0.006325 0.000000 0.000000 0.000000 0.000000 0.000000 0.000000
-0.000000 7.086600 0.029250 0.000000 0.000000 0.000000 0.000000 0.000000 0.000000
-0.000000 7.086600 0.037225 0.000000 0.000000 0.000000 0.000000 0.000000 0.000000
2.362200 7.086600 0.032500 0.000000 0.000000 0.000000 0.000000 0.000000 0.000000
2.362200 7.086600 0.040358 0.000000 0.000000 0.000000 0.000000 0.000000 0.000000
4.724400 7.086600 0.039500 0.000000 0.000000 0.000000 0.000000 0.000000 0.000000
4.724400 7.086600 0.047558 0.000000 0.000000 0.000000 0.000000 0.000000 0.000000
7.086600 7.086600 0.038000 0.000000 0.000000 0.000000 0.000000 0.000000 0.000000
7.086600 7.086600 0.045825 0.000000 0.000000 0.000000 0.000000 0.000000 0.000000
9.448800 7.086600 0.030750 0.000000 0.000000 0.000000 0.000000 0.000000 0.000000
9.448800 7.086600 0.038758 0.000000 0.000000 0.000000 0.000000 0.000000 0.000000
11.811000 7.086600 0.030500 0.000000 0.000000 0.000000 0.000000 0.000000 0.000000
11.811000 7.086600 0.038642 0.000000 0.000000 0.000000 0.000000 0.000000 0.000000
14.173200 7.086600 0.034500 0.000000 0.000000 0.000000 0.000000 0.000000 0.000000
14.173200 7.086600 0.042242 0.000000 0.000000 0.000000 0.000000 0.000000 0.000000
16.535400 7.086600 0.034750 0.000000 0.000000 0.000000 0.000000 0.000000 0.000000
16.535400 7.086600 0.042675 0.000000 0.000000 0.000000 0.000000 0.000000 0.000000
18.897600 7.086600 0.030000 0.000000 0.000000 0.000000 0.000000 0.000000 0.000000
18.897600 7.086600 0.037808 0.000000 0.000000 0.000000 0.000000 0.000000 0.000000
21.259800 7.086600 0.026750 0.000000 0.000000 0.000000 0.000000 0.000000 0.000000
21.259800 7.086600 0.034792 0.000000 0.000000 0.000000 0.000000 0.000000 0.000000
23.622000 7.086600 0.029500 0.000000 0.000000 0.000000 0.000000 0.000000 0.000000
23.622000 7.086600 0.037692 0.000000 0.000000 0.000000 0.000000 0.000000 0.000000
25.984200 7.086600 0.037000 0.000000 0.000000 0.000000 0.000000 0.000000 0.000000
25.984200 7.086600 0.045092 0.000000 0.000000 0.000000 0.000000 0.000000 0.000000
28.346400 7.086600 0.030500 0.000000 0.000000 0.000000 0.000000 0.000000 0.000000
28.346400 7.086600 0.038625 0.000000 0.000000 0.000000 0.000000 0.000000 0.000000
30.708600 7.086600 0.022750 0.000000 0.000000 0.000000 0.000000 0.000000 0.000000
30.708600 7.086600 0.030758 0.000000 0.000000 0.000000 0.000000 0.000000 0.000000
33.070800 7.086600 0.017500 0.000000 0.000000 0.000000 0.000000 0.000000 0.000000
33.070800 7.086600 0.025492 0.000000 0.000000 0.000000 0.000000 0.000000 0.000000
35.433000 7.086600 0.017000 0.000000 0.000000 0.000000 0.000000 0.000000 0.000000
35.433000 7.086600 0.024925 0.000000 0.000000 0.000000 0.000000 0.000000 0.000000
37.795200 7.086600 0.012250 0.000000 0.000000 0.000000 0.000000 0.000000 0.000000
37.795200 7.086600 0.020225 0.000000 0.000000 0.000000 0.000000 0.000000 0.000000
40.157400 7.086600 0.004000 0.000000 0.000000 0.000000 0.000000 0.000000 0.000000
40.157400 7.086600 0.011842 0.000000 0.000000 0.000000 0.000000 0.000000 0.000000
-0.000000 9.448800 0.034500 0.000000 0.000000 0.000000 0.000000 0.000000 0.000000
-0.000000 9.448800 0.042425 0.000000 0.000000 0.000000 0.000000 0.000000 0.000000
2.362200 9.448800 0.037500 0.000000 0.000000 0.000000 0.000000 0.000000 0.000000
2.362200 9.448800 0.045575 0.000000 0.000000 0.000000 0.000000 0.000000 0.000000
4.724400 9.448800 0.044500 0.000000 0.000000 0.000000 0.000000 0.000000 0.000000
4.724400 9.448800 0.052475 0.000000 0.000000 0.000000 0.000000 0.000000 0.000000
7.086600 9.448800 0.043500 0.000000 0.000000 0.000000 0.000000 0.000000 0.000000
7.086600 9.448800 0.051508 0.000000 0.000000 0.000000 0.000000 0.000000 0.000000
9.448800 9.448800 0.036000 0.000000 0.000000 0.000000 0.000000 0.000000 0.000000
9.448800 9.448800 0.043708 0.000000 0.000000 0.000000 0.000000 0.000000 0.000000
11.811000 9.448800 0.035750 0.000000 0.000000 0.000000 0.000000 0.000000 0.000000
11.811000 9.448800 0.043558 0.000000 0.000000 0.000000 0.000000 0.000000 0.000000
14.173200 9.448800 0.039000 0.000000 0.000000 0.000000 0.000000 0.000000 0.000000
14.173200 9.448800 0.047075 0.000000 0.000000 0.000000 0.000000 0.000000 0.000000
16.535400 9.448800 0.039000 0.000000 0.000000 0.000000 0.000000 0.000000 0.000000
16.535400 9.448800 0.047042 0.000000 0.000000 0.000000 0.000000 0.000000 0.000000
18.897600 9.448800 0.034500 0.000000 0.000000 0.000000 0.000000 0.000000 0.000000
18.897600 9.448800 0.042208 0.000000 0.000000 0.000000 0.000000 0.000000 0.000000
21.259800 9.448800 0.031000 0.000000 0.000000 0.000000 0.000000 0.000000 0.000000
21.259800 9.448800 0.038792 0.000000 0.000000 0.000000 0.000000 0.000000 0.000000
23.622000 9.448800 0.034000 0.000000 0.000000 0.000000 0.000000 0.000000 0.000000
23.622000 9.448800 0.041775 0.000000 0.000000 0.000000 0.000000 0.000000 0.000000
25.984200 9.448800 0.041750 0.000000 0.000000 0.000000 0.000000 0.000000 0.000000
25.984200 9.448800 0.049842 0.000000 0.000000 0.000000 0.000000 0.000000 0.000000
28.346400 9.448800 0.035000 0.000000 0.000000 0.000000 0.000000 0.000000 0.000000
28.346400 9.448800 0.042742 0.000000 0.000000 0.000000 0.000000 0.000000 0.000000
30.708600 9.448800 0.027500 0.000000 0.000000 0.000000 0.000000 0.000000 0.000000
30.708600 9.448800 0.035342 0.000000 0.000000 0.000000 0.000000 0.000000 0.000000
33.070800 9.448800 0.023000 0.000000 0.000000 0.000000 0.000000 0.000000 0.000000
33.070800 9.448800 0.030875 0.000000 0.000000 0.000000 0.000000 0.000000 0.000000
35.433000 9.448800 0.020750 0.000000 0.000000 0.000000 0.000000 0.000000 0.000000
35.433000 9.448800 0.028808 0.000000 0.000000 0.000000 0.000000 0.000000 0.000000
37.795200 9.448800 0.017250 0.000000 0.000000 0.000000 0.000000 0.000000 0.000000
37.795200 9.448800 0.025375 0.000000 0.000000 0.000000 0.000000 0.000000 0.000000
40.157400 9.448800 0.008750 0.000000 0.000000 0.000000 0.000000 0.000000 0.000000
40.157400 9.448800 0.016675 0.000000 0.000000 0.000000 0.000000 0.000000 0.000000
-0.000000 11.811000 0.034000 0.000000 0.000000 0.000000 0.000000 0.000000 0.000000
-0.000000 11.811000 0.041708 0.000000 0.000000 0.000000 0.000000 0.000000 0.000000
2.362200 11.811000 0.036500 0.000000 0.000000 0.000000 0.000000 0.000000 0.000000
2.362200 11.811000 0.044292 0.000000 0.000000 0.000000 0.000000 0.000000 0.000000
4.724400 11.811000 0.042250 0.000000 0.000000 0.000000 0.000000 0.000000 0.000000
4.724400 11.811000 0.050058 0.000000 0.000000 0.000000 0.000000 0.000000 0.000000
7.086600 11.811000 0.042500 0.000000 0.000000 0.000000 0.000000 0.000000 0.000000
7.086600 11.811000 0.050058 0.000000 0.000000 0.000000 0.000000 0.000000 0.000000
9.448800 11.811000 0.034750 0.000000 0.000000 0.000000 0.000000 0.000000 0.000000
9.448800 11.811000 0.042658 0.000000 0.000000 0.000000 0.000000 0.000000 0.000000
11.811000 11.811000 0.034500 0.000000 0.000000 0.000000 0.000000 0.000000 0.000000
11.811000 11.811000 0.042308 0.000000 0.000000 0.000000 0.000000 0.000000 0.000000
14.173200 11.811000 0.038500 0.000000 0.000000 0.000000 0.000000 0.000000 0.000000
14.173200 11.811000 0.046192 0.000000 0.000000 0.000000 0.000000 0.000000 0.000000
16.535400 11.811000 0.037500 0.000000 0.000000 0.000000 0.000000 0.000000 0.000000
16.535400 11.811000 0.045575 0.000000 0.000000 0.000000 0.000000 0.000000 0.000000
18.897600 11.811000 0.033000 0.000000 0.000000 0.000000 0.000000 0.000000 0.000000
18.897600 11.811000 0.040758 0.000000 0.000000 0.000000 0.000000 0.000000 0.000000
21.259800 11.811000 0.029500 0.000000 0.000000 0.000000 0.000000 0.000000 0.000000
21.259800 11.811000 0.037392 0.000000 0.000000 0.000000 0.000000 0.000000 0.000000
23.622000 11.811000 0.032750 0.000000 0.000000 0.000000 0.000000 0.000000 0.000000
23.622000 11.811000 0.040675 0.000000 0.000000 0.000000 0.000000 0.000000 0.000000
25.984200 11.811000 0.040500 0.000000 0.000000 0.000000 0.000000 0.000000 0.000000
25.984200 11.811000 0.048508 0.000000 0.000000 0.000000 0.000000 0.000000 0.000000
28.346400 11.811000 0.034500 0.000000 0.000000 0.000000 0.000000 0.000000 0.000000
28.346400 11.811000 0.042258 0.000000 0.000000 0.000000 0.000000 0.000000 0.000000
30.708600 11.811000 0.027500 0.000000 0.000000 0.000000 0.000000 0.000000 0.000000
30.708600 11.811000 0.035358 0.000000 0.000000 0.000000 0.000000 0.000000 0.000000
33.070800 11.811000 0.023500 0.000000 0.000000 0.000000 0.000000 0.000000 0.000000
33.070800 11.811000 0.031358 0.000000 0.000000 0.000000 0.000000 0.000000 0.000000
35.433000 11.811000 0.022750 0.000000 0.000000 0.000000 0.000000 0.000000 0.000000
35.433000 11.811000 0.030775 0.000000 0.000000 0.000000 0.000000 0.000000 0.000000
37.795200 11.811000 0.019250 0.000000 0.000000 0.000000 0.000000 0.000000 0.000000
37.795200 11.811000 0.027092 0.000000 0.000000 0.000000 0.000000 0.000000 0.000000
40.157400 11.811000 0.011250 0.000000 0.000000 0.000000 0.000000 0.000000 0.000000
40.157400 11.811000 0.019108 0.000000 0.000000 0.000000 0.000000 0.000000 0.000000
-0.000000 14.173200 0.027000 0.000000 0.000000 0.000000 0.000000 0.000000 0.000000
-0.000000 14.173200 0.034775 0.000000 0.000000 0.000000 0.000000 0.000000 0.000000
2.362200 14.173200 0.030000 0.000000 0.000000 0.000000 0.000000 0.000000 0.000000
2.362200 14.173200 0.037775 0.000000 0.000000 0.000000 0.000000 0.000000 0.000000
4.724400 14.173200 0.035000 0.000000 0.000000 0.000000 0.000000 0.000000 0.000000
4.724400 14.173200 0.042975 0.000000 0.000000 0.000000 0.000000 0.000000 0.000000
7.086600 14.173200 0.034750 0.000000 0.000000 0.000000 0.000000 0.000000 0.000000
7.086600 14.173200 0.042658 0.000000 0.000000 0.000000 0.000000 0.000000 0.000000
9.448800 14.173200 0.028000 0.000000 0.000000 0.000000 0.000000 0.000000 0.000000
9.448800 14.173200 0.035808 0.000000 0.000000 0.000000 0.000000 0.000000 0.000000
11.811000 14.173200 0.027750 0.000000 0.000000 0.000000 0.000000 0.000000 0.000000
11.811000 14.173200 0.035642 0.000000 0.000000 0.000000 0.000000 0.000000 0.000000
14.173200 14.173200 0.032000 0.000000 0.000000 0.000000 0.000000 0.000000 0.000000
14.173200 14.173200 0.039858 0.000000 0.000000 0.000000 0.000000 0.000000 0.000000
16.535400 14.173200 0.031500 0.000000 0.000000 0.000000 0.000000 0.000000 0.000000
16.535400 14.173200 0.039258 0.000000 0.000000 0.000000 0.000000 0.000000 0.000000
18.897600 14.173200 0.027250 0.000000 0.000000 0.000000 0.000000 0.000000 0.000000
18.897600 14.173200 0.035225 0.000000 0.000000 0.000000 0.000000 0.000000 0.000000
21.259800 14.173200 0.024250 0.000000 0.000000 0.000000 0.000000 0.000000 0.000000
21.259800 14.173200 0.032342 0.000000 0.000000 0.000000 0.000000 0.000000 0.000000
23.622000 14.173200 0.027750 0.000000 0.000000 0.000000 0.000000 0.000000 0.000000
23.622000 14.173200 0.035625 0.000000 0.000000 0.000000 0.000000 0.000000 0.000000
25.984200 14.173200 0.036250 0.000000 0.000000 0.000000 0.000000 0.000000 0.000000
25.984200 14.173200 0.044125 0.000000 0.000000 0.000000 0.000000 0.000000 0.000000
28.346400 14.173200 0.030750 0.000000 0.000000 0.000000 0.000000 0.000000 0.000000
28.346400 14.173200 0.038708 0.000000 0.000000 0.000000 0.000000 0.000000 0.000000
30.708600 14.173200 0.023750 0.000000 0.000000 0.000000 0.000000 0.000000 0.000000
30.708600 14.173200 0.031758 0.000000 0.000000 0.000000 0.000000 0.000000 0.000000
33.070800 14.173200 0.020250 0.000000 0.000000 0.000000 0.000000 0.000000 0.000000
33.070800 14.173200 0.028092 0.000000 0.000000 0.000000 0.000000 0.000000 0.000000
35.433000 14.173200 0.023250 0.000000 0.000000 0.000000 0.000000 0.000000 0.000000
35.433000 14.173200 0.031042 0.000000 0.000000 0.000000 0.000000 0.000000 0.000000
37.795200 14.173200 0.018250 0.000000 0.000000 0.000000 0.000000 0.000000 0.000000
37.795200 14.173200 0.026142 0.000000 0.000000 0.000000 0.000000 0.000000 0.000000
40.157400 14.173200 0.011500 0.000000 0.000000 0.000000 0.000000 0.000000 0.000000
40.157400 14.173200 0.019575 0.000000 0.000000 0.000000 0.000000 0.000000 0.000000
-0.000000 16.535400 0.017250 0.000000 0.000000 0.000000 0.000000 0.000000 0.000000
-0.000000 16.535400 0.025142 0.000000 0.000000 0.000000 0.000000 0.000000 0.000000
2.362200 16.535400 0.020250 0.000000 0.000000 0.000000 0.000000 0.000000 0.000000
2.362200 16.535400 0.028408 0.000000 0.000000 0.000000 0.000000 0.000000 0.000000
4.724400 16.535400 0.025500 0.000000 0.000000 0.000000 0.000000 0.000000 0.000000
4.724400 16.535400 0.033575 0.000000 0.000000 0.000000 0.000000 0.000000 0.000000
7.086600 16.535400 0.024000 0.000000 0.000000 0.000000 0.000000 0.000000 0.000000
7.086600 16.535400 0.031908 0.000000 0.000000 0.000000 0.000000 0.000000 0.000000
9.448800 16.535400 0.018250 0.000000 0.000000 0.000000 0.000000 0.000000 0.000000
9.448800 16.535400 0.026142 0.000000 0.000000 0.000000 0.000000 0.000000 0.000000
11.811000 16.535400 0.018250 0.000000 0.000000 0.000000 0.000000 0.000000 0.000000
11.811000 16.535400 0.026192 0.000000 0.000000 0.000000 0.000000 0.000000 0.000000
14.173200 16.535400 0.023000 0.000000 0.000000 0.000000 0.000000 0.000000 0.000000
14.173200 16.535400 0.030892 0.000000 0.000000 0.000000 0.000000 0.000000 0.000000
16.535400 16.535400 0.023000 0.000000 0.000000 0.000000 0.000000 0.000000 0.000000
16.535400 16.535400 0.030892 0.000000 0.000000 0.000000 0.000000 0.000000 0.000000
18.897600 16.535400 0.019250 0.000000 0.000000 0.000000 0.000000 0.000000 0.000000
18.897600 16.535400 0.027025 0.000000 0.000000 0.000000 0.000000 0.000000 0.000000
21.259800 16.535400 0.016750 0.000000 0.000000 0.000000 0.000000 0.000000 0.000000
21.259800 16.535400 0.024492 0.000000 0.000000 0.000000 0.000000 0.000000 0.000000
23.622000 16.535400 0.020250 0.000000 0.000000 0.000000 0.000000 0.000000 0.000000
23.622000 16.535400 0.028092 0.000000 0.000000 0.000000 0.000000 0.000000 0.000000
25.984200 16.535400 0.028250 0.000000 0.000000 0.000000 0.000000 0.000000 0.000000
25.984200 16.535400 0.036258 0.000000 0.000000 0.000000 0.000000 0.000000 0.000000
28.346400 16.535400 0.024750 0.000000 0.000000 0.000000 0.000000 0.000000 0.000000
28.346400 16.535400 0.032808 0.000000 0.000000 0.000000 0.000000 0.000000 0.000000
30.708600 16.535400 0.017750 0.000000 0.000000 0.000000 0.000000 0.000000 0.000000
30.708600 16.535400 0.025692 0.000000 0.000000 0.000000 0.000000 0.000000 0.000000
33.070800 16.535400 0.015250 0.000000 0.000000 0.000000 0.000000 0.000000 0.000000
33.070800 16.535400 0.023092 0.000000 0.000000 0.000000 0.000000 0.000000 0.000000
35.433000 16.535400 0.021500 0.000000 0.000000 0.000000 0.000000 0.000000 0.000000
35.433000 16.535400 0.029475 0.000000 0.000000 0.000000 0.000000 0.000000 0.000000
37.795200 16.535400 0.015000 0.000000 0.000000 0.000000 0.000000 0.000000 0.000000
37.795200 16.535400 0.023058 0.000000 0.000000 0.000000 0.000000 0.000000 0.000000
40.157400 16.535400 0.009500 0.000000 0.000000 0.000000 0.000000 0.000000 0.000000
40.157400 16.535400 0.017658 0.000000 0.000000 0.000000 0.000000 0.000000 0.000000
