-0.000000 0.000000 0.007000 0.000000 0.000000 0.000000 0.000000 0.000000 0.000000
-0.000000 0.000000 0.015025 0.000000 0.000000 0.000000 0.000000 0.000000 0.000000
1.000000 0.000000 0.007000 0.000000 0.000000 0.000000 0.000000 0.000000 0.000000
1.000000 0.000000 0.015008 0.000000 0.000000 0.000000 0.000000 0.000000 0.000000
2.000000 0.000000 0.007500 0.000000 0.000000 0.000000 0.000000 0.000000 0.000000
2.000000 0.000000 0.015158 0.000000 0.000000 0.000000 0.000000 0.000000 0.000000
3.000000 0.000000 0.007750 0.000000 0.000000 0.000000 0.000000 0.000000 0.000000
3.000000 0.000000 0.015592 0.000000 0.000000 0.000000 0.000000 0.000000 0.000000
4.000000 0.000000 0.008250 0.000000 0.000000 0.000000 0.000000 0.000000 0.000000
4.000000 0.000000 0.016058 0.000000 0.000000 0.000000 0.000000 0.000000 0.000000
5.000000 0.000000 0.008500 0.000000 0.000000 0.000000 0.000000 0.000000 0.000000
5.000000 0.000000 0.016475 0.000000 0.000000 0.000000 0.000000 0.000000 0.000000
6.000000 0.000000 0.008250 0.000000 0.000000 0.000000 0.000000 0.000000 0.000000
6.000000 0.000000 0.016092 0.000000 0.000000 0.000000 0.000000 0.000000 0.000000
7.000000 0.000000 0.008000 0.000000 0.000000 0.000000 0.000000 0.000000 0.000000
7.000000 0.000000 0.015692 0.000000 0.000000 0.000000 0.000000 0.000000 0.000000
8.000000 0.000000 0.007750 0.000000 0.000000 0.000000 0.000000 0.000000 0.000000
8.000000 0.000000 0.015542 0.000000 0.000000 0.000000 0.000000 0.000000 0.000000
9.000000 0.000000 0.007500 0.000000 0.000000 0.000000 0.000000 0.000000 0.000000
9.000000 0.000000 0.015492 0.000000 0.000000 0.000000 0.000000 0.000000 0.000000
10.000000 0.000000 0.007500 0.000000 0.000000 0.000000 0.000000 0.000000 0.000000
10.000000 0.000000 0.015475 0.000000 0.000000 0.000000 0.000000 0.000000 0.000000
11.000000 0.000000 0.007500 0.000000 0.000000 0.000000 0.000000 0.000000 0.000000
11.000000 0.000000 0.015425 0.000000 0.000000 0.000000 0.000000 0.000000 0.000000
0.000000 1.000000 0.007000 0.000000 0.000000 0.000000 0.000000 0.000000 0.000000
0.000000 1.000000 0.015075 0.000000 0.000000 0.000000 0.000000 0.000000 0.000000
1.000000 1.000000 0.007250 0.000000 0.000000 0.000000 0.000000 0.000000 0.000000
1.000000 1.000000 0.015108 0.000000 0.000000 0.000000 0.000000 0.000000 0.000000
2.000000 1.000000 0.007500 0.000000 0.000000 0.000000 0.000000 0.000000 0.000000
2.000000 1.000000 0.015525 0.000000 0.000000 0.000000 0.000000 0.000000 0.000000
3.000000 1.000000 0.008000 0.000000 0.000000 0.000000 0.000000 0.000000 0.000000
3.000000 1.000000 0.015958 0.000000 0.000000 0.000000 0.000000 0.000000 0.000000
4.000000 1.000000 0.008500 0.000000 0.000000 0.000000 0.000000 0.000000 0.000000
4.000000 1.000000 0.016442 0.000000 0.000000 0.000000 0.000000 0.000000 0.000000
5.000000 1.000000 0.008500 0.000000 0.000000 0.000000 0.000000 0.000000 0.000000
5.000000 1.000000 0.016542 0.000000 0.000000 0.000000 0.000000 0.000000 0.000000
6.000000 1.000000 0.008500 0.000000 0.000000 0.000000 0.000000 0.000000 0.000000
6.000000 1.000000 0.016508 0.000000 0.000000 0.000000 0.000000 0.000000 0.000000
7.000000 1.000000 0.008250 0.000000 0.000000 0.000000 0.000000 0.000000 0.000000
7.000000 1.000000 0.016058 0.000000 0.000000 0.000000 0.000000 0.000000 0.000000
8.000000 1.000000 0.008000 0.000000 0.000000 0.000000 0.000000 0.000000 0.000000
8.000000 1.000000 0.015942 0.000000 0.000000 0.000000 0.000000 0.000000 0.000000
9.000000 1.000000 0.007750 0.000000 0.000000 0.000000 0.000000 0.000000 0.000000
9.000000 1.000000 0.015608 0.000000 0.000000 0.000000 0.000000 0.000000 0.000000
10.000000 1.000000 0.008000 0.000000 0.000000 0.000000 0.000000 0.000000 0.000000
10.000000 1.000000 0.015675 0.000000 0.000000 0.000000 0.000000 0.000000 0.000000
11.000000 1.000000 0.008000 0.000000 0.000000 0.000000 0.000000 0.000000 0.000000
11.000000 1.000000 0.015592 0.000000 0.000000 0.000000 0.000000 0.000000 0.000000
0.000000 2.000000 0.007000 0.000000 0.000000 0.000000 0.000000 0.000000 0.000000
0.000000 2.000000 0.015058 0.000000 0.000000 0.000000 0.000000 0.000000 0.000000
1.000000 2.000000 0.007250 0.000000 0.000000 0.000000 0.000000 0.000000 0.000000
1.000000 2.000000 0.015092 0.000000 0.000000 0.000000 0.000000 0.000000 0.000000
2.000000 2.000000 0.007500 0.000000 0.000000 0.000000 0.000000 0.000000 0.000000
2.000000 2.000000 0.015525 0.000000 0.000000 0.000000 0.000000 0.000000 0.000000
3.000000 2.000000 0.008000 0.000000 0.000000 0.000000 0.000000 0.000000 0.000000
3.000000 2.000000 0.016008 0.000000 0.000000 0.000000 0.000000 0.000000 0.000000
4.000000 2.000000 0.008500 0.000000 0.000000 0.000000 0.000000 0.000000 0.000000
4.000000 2.000000 0.016492 0.000000 0.000000 0.000000 0.000000 0.000000 0.000000
5.000000 2.000000 0.008750 0.000000 0.000000 0.000000 0.000000 0.000000 0.000000
5.000000 2.000000 0.016592 0.000000 0.000000 0.000000 0.000000 0.000000 0.000000
6.000000 2.000000 0.008750 0.000000 0.000000 0.000000 0.000000 0.000000 0.000000
6.000000 2.000000 0.016542 0.000000 0.000000 0.000000 0.000000 0.000000 0.000000
7.000000 2.000000 0.008250 0.000000 0.000000 0.000000 0.000000 0.000000 0.000000
7.000000 2.000000 0.016125 0.000000 0.000000 0.000000 0.000000 0.000000 0.000000
8.000000 2.000000 0.008000 0.000000 0.000000 0.000000 0.000000 0.000000 0.000000
8.000000 2.000000 0.016025 0.000000 0.000000 0.000000 0.000000 0.000000 0.000000
9.000000 2.000000 0.008000 0.000000 0.000000 0.000000 0.000000 0.000000 0.000000
9.000000 2.000000 0.016008 0.000000 0.000000 0.000000 0.000000 0.000000 0.000000
10.000000 2.000000 0.008000 0.000000 0.000000 0.000000 0.000000 0.000000 0.000000
10.000000 2.000000 0.016008 0.000000 0.000000 0.000000 0.000000 0.000000 0.000000
11.000000 2.000000 0.008000 0.000000 0.000000 0.000000 0.000000 0.000000 0.000000
11.000000 2.000000 0.015975 0.000000 0.000000 0.000000 0.000000 0.000000 0.000000
-0.000000 3.000000 0.007000 0.000000 0.000000 0.000000 0.000000 0.000000 0.000000
-0.000000 3.000000 0.014708 0.000000 0.000000 0.000000 0.000000 0.000000 0.000000
1.000000 3.000000 0.007000 0.000000 0.000000 0.000000 0.000000 0.000000 0.000000
1.000000 3.000000 0.015008 0.000000 0.000000 0.000000 0.000000 0.000000 0.000000
2.000000 3.000000 0.007250 0.000000 0.000000 0.000000 0.000000 0.000000 0.000000
2.000000 3.000000 0.015225 0.000000 0.000000 0.000000 0.000000 0.000000 0.000000
3.000000 3.000000 0.007750 0.000000 0.000000 0.000000 0.000000 0.000000 0.000000
3.000000 3.000000 0.015608 0.000000 0.000000 0.000000 0.000000 0.000000 0.000000
4.000000 3.000000 0.008500 0.000000 0.000000 0.000000 0.000000 0.000000 0.000000
4.000000 3.000000 0.016175 0.000000 0.000000 0.000000 0.000000 0.000000 0.000000
5.000000 3.000000 0.008750 0.000000 0.000000 0.000000 0.000000 0.000000 0.000000
5.000000 3.000000 0.016542 0.000000 0.000000 0.000000 0.000000 0.000000 0.000000
6.000000 3.000000 0.008750 0.000000 0.000000 0.000000 0.000000 0.000000 0.000000
6.000000 3.000000 0.016525 0.000000 0.000000 0.000000 0.000000 0.000000 0.000000
7.000000 3.000000 0.008250 0.000000 0.000000 0.000000 0.000000 0.000000 0.000000
7.000000 3.000000 0.016075 0.000000 0.000000 0.000000 0.000000 0.000000 0.000000
8.000000 3.000000 0.008250 0.000000 0.000000 0.000000 0.000000 0.000000 0.000000
8.000000 3.000000 0.016025 0.000000 0.000000 0.000000 0.000000 0.000000 0.000000
9.000000 3.000000 0.008000 0.000000 0.000000 0.000000 0.000000 0.000000 0.000000
9.000000 3.000000 0.015992 0.000000 0.000000 0.000000 0.000000 0.000000 0.000000
10.000000 3.000000 0.008250 0.000000 0.000000 0.000000 0.000000 0.000000 0.000000
10.000000 3.000000 0.016042 0.000000 0.000000 0.000000 0.000000 0.000000 0.000000
11.000000 3.000000 0.008250 0.000000 0.000000 0.000000 0.000000 0.000000 0.000000
11.000000 3.000000 0.016025 0.000000 0.000000 0.000000 0.000000 0.000000 0.000000
-0.000000 4.000000 0.006500 0.000000 0.000000 0.000000 0.000000 0.000000 0.000000
-0.000000 4.000000 0.014508 0.000000 0.000000 0.000000 0.000000 0.000000 0.000000
1.000000 4.000000 0.006500 0.000000 0.000000 0.000000 0.000000 0.000000 0.000000
1.000000 4.000000 0.014542 0.000000 0.000000 0.000000 0.000000 0.000000 0.000000
2.000000 4.000000 0.007000 0.000000 0.000000 0.000000 0.000000 0.000000 0.000000
2.000000 4.000000 0.015025 0.000000 0.000000 0.000000 0.000000 0.000000 0.000000
3.000000 4.000000 0.007500 0.000000 0.000000 0.000000 0.000000 0.000000 0.000000
3.000000 4.000000 0.015508 0.000000 0.000000 0.000000 0.000000 0.000000 0.000000
4.000000 4.000000 0.008000 0.000000 0.000000 0.000000 0.000000 0.000000 0.000000
4.000000 4.000000 0.016025 0.000000 0.000000 0.000000 0.000000 0.000000 0.000000
5.000000 4.000000 0.008500 0.000000 0.000000 0.000000 0.000000 0.000000 0.000000
5.000000 4.000000 0.016475 0.000000 0.000000 0.000000 0.000000 0.000000 0.000000
6.000000 4.000000 0.008250 0.000000 0.000000 0.000000 0.000000 0.000000 0.000000
6.000000 4.000000 0.016125 0.000000 0.000000 0.000000 0.000000 0.000000 0.000000
7.000000 4.000000 0.008000 0.000000 0.000000 0.000000 0.000000 0.000000 0.000000
7.000000 4.000000 0.016042 0.000000 0.000000 0.000000 0.000000 0.000000 0.000000
8.000000 4.000000 0.007750 0.000000 0.000000 0.000000 0.000000 0.000000 0.000000
8.000000 4.000000 0.015725 0.000000 0.000000 0.000000 0.000000 0.000000 0.000000
9.000000 4.000000 0.008000 0.000000 0.000000 0.000000 0.000000 0.000000 0.000000
9.000000 4.000000 0.015942 0.000000 0.000000 0.000000 0.000000 0.000000 0.000000
10.000000 4.000000 0.008000 0.000000 0.000000 0.000000 0.000000 0.000000 0.000000
10.000000 4.000000 0.015992 0.000000 0.000000 0.000000 0.000000 0.000000 0.000000
11.000000 4.000000 0.008000 0.000000 0.000000 0.000000 0.000000 0.000000 0.000000
11.000000 4.000000 0.015975 0.000000 0.000000 0.000000 0.000000 0.000000 0.000000
-0.000000 5.000000 0.005750 0.000000 0.000000 0.000000 0.000000 0.000000 0.000000
-0.000000 5.000000 0.013692 0.000000 0.000000 0.000000 0.000000 0.000000 0.000000
1.000000 5.000000 0.006000 0.000000 0.000000 0.000000 0.000000 0.000000 0.000000
1.000000 5.000000 0.013942 0.000000 0.000000 0.000000 0.000000 0.000000 0.000000
2.000000 5.000000 0.006500 0.000000 0.000000 0.000000 0.000000 0.000000 0.000000
2.000000 5.000000 0.014442 0.000000 0.000000 0.000000 0.000000 0.000000 0.000000
3.000000 5.000000 0.007000 0.000000 0.000000 0.000000 0.000000 0.000000 0.000000
3.000000 5.000000 0.015025 0.000000 0.000000 0.000000 0.000000 0.000000 0.000000
4.000000 5.000000 0.007750 0.000000 0.000000 0.000000 0.000000 0.000000 0.000000
4.000000 5.000000 0.015542 0.000000 0.000000 0.000000 0.000000 0.000000 0.000000
5.000000 5.000000 0.008000 0.000000 0.000000 0.000000 0.000000 0.000000 0.000000
5.000000 5.000000 0.015992 0.000000 0.000000 0.000000 0.000000 0.000000 0.000000
6.000000 5.000000 0.008000 0.000000 0.000000 0.000000 0.000000 0.000000 0.000000
6.000000 5.000000 0.015975 0.000000 0.000000 0.000000 0.000000 0.000000 0.000000
7.000000 5.000000 0.007750 0.000000 0.000000 0.000000 0.000000 0.000000 0.000000
7.000000 5.000000 0.015575 0.000000 0.000000 0.000000 0.000000 0.000000 0.000000
8.000000 5.000000 0.007500 0.000000 0.000000 0.000000 0.000000 0.000000 0.000000
8.000000 5.000000 0.015525 0.000000 0.000000 0.000000 0.000000 0.000000 0.000000
9.000000 5.000000 0.007500 0.000000 0.000000 0.000000 0.000000 0.000000 0.000000
9.000000 5.000000 0.015558 0.000000 0.000000 0.000000 0.000000 0.000000 0.000000
10.000000 5.000000 0.007750 0.000000 0.000000 0.000000 0.000000 0.000000 0.000000
10.000000 5.000000 0.015575 0.000000 0.000000 0.000000 0.000000 0.000000 0.000000
11.000000 5.000000 0.007750 0.000000 0.000000 0.000000 0.000000 0.000000 0.000000
11.000000 5.000000 0.015625 0.000000 0.000000 0.000000 0.000000 0.000000 0.000000
-0.000000 6.000000 0.005250 0.000000 0.000000 0.000000 0.000000 0.000000 0.000000
-0.000000 6.000000 0.013075 0.000000 0.000000 0.000000 0.000000 0.000000 0.000000
1.000000 6.000000 0.005500 0.000000 0.000000 0.000000 0.000000 0.000000 0.000000
1.000000 6.000000 0.013175 0.000000 0.000000 0.000000 0.000000 0.000000 0.000000
2.000000 6.000000 0.005750 0.000000 0.000000 0.000000 0.000000 0.000000 0.000000
2.000000 6.000000 0.013642 0.000000 0.000000 0.000000 0.000000 0.000000 0.000000
3.000000 6.000000 0.006500 0.000000 0.000000 0.000000 0.000000 0.000000 0.000000
3.000000 6.000000 0.014258 0.000000 0.000000 0.000000 0.000000 0.000000 0.000000
4.000000 6.000000 0.007000 0.000000 0.000000 0.000000 0.000000 0.000000 0.000000
4.000000 6.000000 0.015042 0.000000 0.000000 0.000000 0.000000 0.000000 0.000000
5.000000 6.000000 0.007500 0.000000 0.000000 0.000000 0.000000 0.000000 0.000000
5.000000 6.000000 0.015508 0.000000 0.000000 0.000000 0.000000 0.000000 0.000000
6.000000 6.000000 0.007500 0.000000 0.000000 0.000000 0.000000 0.000000 0.000000
6.000000 6.000000 0.015492 0.000000 0.000000 0.000000 0.000000 0.000000 0.000000
7.000000 6.000000 0.007250 0.000000 0.000000 0.000000 0.000000 0.000000 0.000000
7.000000 6.000000 0.015125 0.000000 0.000000 0.000000 0.000000 0.000000 0.000000
8.000000 6.000000 0.007250 0.000000 0.000000 0.000000 0.000000 0.000000 0.000000
8.000000 6.000000 0.015075 0.000000 0.000000 0.000000 0.000000 0.000000 0.000000
9.000000 6.000000 0.007250 0.000000 0.000000 0.000000 0.000000 0.000000 0.000000
9.000000 6.000000 0.015092 0.000000 0.000000 0.000000 0.000000 0.000000 0.000000
10.000000 6.000000 0.007500 0.000000 0.000000 0.000000 0.000000 0.000000 0.000000
10.000000 6.000000 0.015475 0.000000 0.000000 0.000000 0.000000 0.000000 0.000000
11.000000 6.000000 0.007500 0.000000 0.000000 0.000000 0.000000 0.000000 0.000000
11.000000 6.000000 0.015492 0.000000 0.000000 0.000000 0.000000 0.000000 0.000000
0.000000 7.000000 0.004500 0.000000 0.000000 0.000000 0.000000 0.000000 0.000000
0.000000 7.000000 0.012242 0.000000 0.000000 0.000000 0.000000 0.000000 0.000000
1.000000 7.000000 0.004750 0.000000 0.000000 0.000000 0.000000 0.000000 0.000000
1.000000 7.000000 0.012575 0.000000 0.000000 0.000000 0.000000 0.000000 0.000000
2.000000 7.000000 0.005250 0.000000 0.000000 0.000000 0.000000 0.000000 0.000000
2.000000 7.000000 0.013108 0.000000 0.000000 0.000000 0.000000 0.000000 0.000000
3.000000 7.000000 0.005750 0.000000 0.000000 0.000000 0.000000 0.000000 0.000000
3.000000 7.000000 0.013592 0.000000 0.000000 0.000000 0.000000 0.000000 0.000000
4.000000 7.000000 0.006500 0.000000 0.000000 0.000000 0.000000 0.000000 0.000000
4.000000 7.000000 0.014508 0.000000 0.000000 0.000000 0.000000 0.000000 0.000000
5.000000 7.000000 0.007000 0.000000 0.000000 0.000000 0.000000 0.000000 0.000000
5.000000 7.000000 0.015008 0.000000 0.000000 0.000000 0.000000 0.000000 0.000000
6.000000 7.000000 0.007000 0.000000 0.000000 0.000000 0.000000 0.000000 0.000000
6.000000 7.000000 0.015008 0.000000 0.000000 0.000000 0.000000 0.000000 0.000000
7.000000 7.000000 0.006750 0.000000 0.000000 0.000000 0.000000 0.000000 0.000000
7.000000 7.000000 0.014675 0.000000 0.000000 0.000000 0.000000 0.000000 0.000000
8.000000 7.000000 0.006750 0.000000 0.000000 0.000000 0.000000 0.000000 0.000000
8.000000 7.000000 0.014642 0.000000 0.000000 0.000000 0.000000 0.000000 0.000000
9.000000 7.000000 0.006750 0.000000 0.000000 0.000000 0.000000 0.000000 0.000000
9.000000 7.000000 0.014775 0.000000 0.000000 0.000000 0.000000 0.000000 0.000000
10.000000 7.000000 0.007000 0.000000 0.000000 0.000000 0.000000 0.000000 0.000000
10.000000 7.000000 0.015025 0.000000 0.000000 0.000000 0.000000 0.000000 0.000000
11.000000 7.000000 0.007250 0.000000 0.000000 0.000000 0.000000 0.000000 0.000000
11.000000 7.000000 0.015075 0.000000 0.000000 0.000000 0.000000 0.000000 0.000000
-0.000000 8.000000 0.003750 0.000000 0.000000 0.000000 0.000000 0.000000 0.000000
-0.000000 8.000000 0.011575 0.000000 0.000000 0.000000 0.000000 0.000000 0.000000
1.000000 8.000000 0.004000 0.000000 0.000000 0.000000 0.000000 0.000000 0.000000
1.000000 8.000000 0.011675 0.000000 0.000000 0.000000 0.000000 0.000000 0.000000
2.000000 8.000000 0.004500 0.000000 0.000000 0.000000 0.000000 0.000000 0.000000
2.000000 8.000000 0.012508 0.000000 0.000000 0.000000 0.000000 0.000000 0.000000
3.000000 8.000000 0.005250 0.000000 0.000000 0.000000 0.000000 0.000000 0.000000
3.000000 8.000000 0.013092 0.000000 0.000000 0.000000 0.000000 0.000000 0.000000
4.000000 8.000000 0.005750 0.000000 0.000000 0.000000 0.000000 0.000000 0.000000
4.000000 8.000000 0.013625 0.000000 0.000000 0.000000 0.000000 0.000000 0.000000
5.000000 8.000000 0.006500 0.000000 0.000000 0.000000 0.000000 0.000000 0.000000
5.000000 8.000000 0.014208 0.000000 0.000000 0.000000 0.000000 0.000000 0.000000
6.000000 8.000000 0.006500 0.000000 0.000000 0.000000 0.000000 0.000000 0.000000
6.000000 8.000000 0.014125 0.000000 0.000000 0.000000 0.000000 0.000000 0.000000
7.000000 8.000000 0.006250 0.000000 0.000000 0.000000 0.000000 0.000000 0.000000
7.000000 8.000000 0.014158 0.000000 0.000000 0.000000 0.000000 0.000000 0.000000
8.000000 8.000000 0.006250 0.000000 0.000000 0.000000 0.000000 0.000000 0.000000
8.000000 8.000000 0.014125 0.000000 0.000000 0.000000 0.000000 0.000000 0.000000
9.000000 8.000000 0.006250 0.000000 0.000000 0.000000 0.000000 0.000000 0.000000
9.000000 8.000000 0.014192 0.000000 0.000000 0.000000 0.000000 0.000000 0.000000
10.000000 8.000000 0.006500 0.000000 0.000000 0.000000 0.000000 0.000000 0.000000
10.000000 8.000000 0.014558 0.000000 0.000000 0.000000 0.000000 0.000000 0.000000
11.000000 8.000000 0.006750 0.000000 0.000000 0.000000 0.000000 0.000000 0.000000
11.000000 8.000000 0.014575 0.000000 0.000000 0.000000 0.000000 0.000000 0.000000
