-0.000000 -0.000000 -0.007750 0.000000 0.000000 0.000000 0.000000 0.000000 0.000000
-0.000000 -0.000000 0.000325 0.000000 0.000000 0.000000 0.000000 0.000000 0.000000
1.000000 -0.000000 -0.007000 0.000000 0.000000 0.000000 0.000000 0.000000 0.000000
1.000000 -0.000000 0.000808 0.000000 0.000000 0.000000 0.000000 0.000000 0.000000
2.000000 -0.000000 -0.006500 0.000000 0.000000 0.000000 0.000000 0.000000 0.000000
2.000000 -0.000000 0.001358 0.000000 0.000000 0.000000 0.000000 0.000000 0.000000
3.000000 -0.000000 -0.005500 0.000000 0.000000 0.000000 0.000000 0.000000 0.000000
3.000000 -0.000000 0.002275 0.000000 0.000000 0.000000 0.000000 0.000000 0.000000
4.000000 -0.000000 -0.004750 0.000000 0.000000 0.000000 0.000000 0.000000 0.000000
4.000000 -0.000000 0.003208 0.000000 0.000000 0.000000 0.000000 0.000000 0.000000
5.000000 -0.000000 -0.004000 0.000000 0.000000 0.000000 0.000000 0.000000 0.000000
5.000000 -0.000000 0.003775 0.000000 0.000000 0.000000 0.000000 0.000000 0.000000
6.000000 -0.000000 -0.003750 0.000000 0.000000 0.000000 0.000000 0.000000 0.000000
6.000000 -0.000000 0.004175 0.000000 0.000000 0.000000 0.000000 0.000000 0.000000
7.000000 -0.000000 -0.003750 0.000000 0.000000 0.000000 0.000000 0.000000 0.000000
7.000000 -0.000000 0.004192 0.000000 0.000000 0.000000 0.000000 0.000000 0.000000
8.000000 -0.000000 -0.003500 0.000000 0.000000 0.000000 0.000000 0.000000 0.000000
8.000000 -0.000000 0.004242 0.000000 0.000000 0.000000 0.000000 0.000000 0.000000
9.000000 -0.000000 -0.003500 0.000000 0.000000 0.000000 0.000000 0.000000 0.000000
9.000000 -0.000000 0.004592 0.000000 0.000000 0.000000 0.000000 0.000000 0.000000
10.000000 -0.000000 -0.003000 0.000000 0.000000 0.000000 0.000000 0.000000 0.000000
10.000000 -0.000000 0.004808 0.000000 0.000000 0.000000 0.000000 0.000000 0.000000
11.000000 -0.000000 -0.002750 0.000000 0.000000 0.000000 0.000000 0.000000 0.000000
11.000000 -0.000000 0.005225 0.000000 0.000000 0.000000 0.000000 0.000000 0.000000
-0.000000 1.000000 -0.005000 0.000000 0.000000 0.000000 0.000000 0.000000 0.000000
-0.000000 1.000000 0.002842 0.000000 0.000000 0.000000 0.000000 0.000000 0.000000
1.000000 1.000000 -0.004250 0.000000 0.000000 0.000000 0.000000 0.000000 0.000000
1.000000 1.000000 0.003375 0.000000 0.000000 0.000000 0.000000 0.000000 0.000000
2.000000 1.000000 -0.003750 0.000000 0.000000 0.000000 0.000000 0.000000 0.000000
2.000000 1.000000 0.004242 0.000000 0.000000 0.000000 0.000000 0.000000 0.000000
3.000000 1.000000 -0.002750 0.000000 0.000000 0.000000 0.000000 0.000000 0.000000
3.000000 1.000000 0.005175 0.000000 0.000000 0.000000 0.000000 0.000000 0.000000
4.000000 1.000000 -0.002000 0.000000 0.000000 0.000000 0.000000 0.000000 0.000000
4.000000 1.000000 0.005892 0.000000 0.000000 0.000000 0.000000 0.000000 0.000000
5.000000 1.000000 -0.001250 0.000000 0.000000 0.000000 0.000000 0.000000 0.000000
5.000000 1.000000 0.006692 0.000000 0.000000 0.000000 0.000000 0.000000 0.000000
6.000000 1.000000 -0.001000 0.000000 0.000000 0.000000 0.000000 0.000000 0.000000
6.000000 1.000000 0.006958 0.000000 0.000000 0.000000 0.000000 0.000000 0.000000
7.000000 1.000000 -0.001000 0.000000 0.000000 0.000000 0.000000 0.000000 0.000000
7.000000 1.000000 0.007108 0.000000 0.000000 0.000000 0.000000 0.000000 0.000000
8.000000 1.000000 -0.001000 0.000000 0.000000 0.000000 0.000000 0.000000 0.000000
8.000000 1.000000 0.006842 0.000000 0.000000 0.000000 0.000000 0.000000 0.000000
9.000000 1.000000 -0.000750 0.000000 0.000000 0.000000 0.000000 0.000000 0.000000
9.000000 1.000000 0.007175 0.000000 0.000000 0.000000 0.000000 0.000000 0.000000
10.000000 1.000000 -0.000250 0.000000 0.000000 0.000000 0.000000 0.000000 0.000000
10.000000 1.000000 0.007858 0.000000 0.000000 0.000000 0.000000 0.000000 0.000000
11.000000 1.000000 0.000500 0.000000 0.000000 0.000000 0.000000 0.000000 0.000000
11.000000 1.000000 0.008225 0.000000 0.000000 0.000000 0.000000 0.000000 0.000000
-0.000000 2.000000 -0.002500 0.000000 0.000000 0.000000 0.000000 0.000000 0.000000
-0.000000 2.000000 0.005292 0.000000 0.000000 0.000000 0.000000 0.000000 0.000000
1.000000 2.000000 -0.002000 0.000000 0.000000 0.000000 0.000000 0.000000 0.000000
1.000000 2.000000 0.005892 0.000000 0.000000 0.000000 0.000000 0.000000 0.000000
2.000000 2.000000 -0.001250 0.000000 0.000000 0.000000 0.000000 0.000000 0.000000
2.000000 2.000000 0.006725 0.000000 0.000000 0.000000 0.000000 0.000000 0.000000
3.000000 2.000000 -0.000250 0.000000 0.000000 0.000000 0.000000 0.000000 0.000000
3.000000 2.000000 0.007692 0.000000 0.000000 0.000000 0.000000 0.000000 0.000000
4.000000 2.000000 0.000750 0.000000 0.000000 0.000000 0.000000 0.000000 0.000000
4.000000 2.000000 0.008642 0.000000 0.000000 0.000000 0.000000 0.000000 0.000000
5.000000 2.000000 0.001500 0.000000 0.000000 0.000000 0.000000 0.000000 0.000000
5.000000 2.000000 0.009258 0.000000 0.000000 0.000000 0.000000 0.000000 0.000000
6.000000 2.000000 0.001750 0.000000 0.000000 0.000000 0.000000 0.000000 0.000000
6.000000 2.000000 0.009675 0.000000 0.000000 0.000000 0.000000 0.000000 0.000000
7.000000 2.000000 0.002000 0.000000 0.000000 0.000000 0.000000 0.000000 0.000000
7.000000 2.000000 0.009725 0.000000 0.000000 0.000000 0.000000 0.000000 0.000000
8.000000 2.000000 0.002250 0.000000 0.000000 0.000000 0.000000 0.000000 0.000000
8.000000 2.000000 0.010108 0.000000 0.000000 0.000000 0.000000 0.000000 0.000000
9.000000 2.000000 0.002500 0.000000 0.000000 0.000000 0.000000 0.000000 0.000000
9.000000 2.000000 0.010275 0.000000 0.000000 0.000000 0.000000 0.000000 0.000000
10.000000 2.000000 0.003000 0.000000 0.000000 0.000000 0.000000 0.000000 0.000000
10.000000 2.000000 0.011058 0.000000 0.000000 0.000000 0.000000 0.000000 0.000000
11.000000 2.000000 0.003500 0.000000 0.000000 0.000000 0.000000 0.000000 0.000000
11.000000 2.000000 0.011192 0.000000 0.000000 0.000000 0.000000 0.000000 0.000000
-0.000000 3.000000 -0.000000 0.000000 0.000000 0.000000 0.000000 0.000000 0.000000
-0.000000 3.000000 0.007658 0.000000 0.000000 0.000000 0.000000 0.000000 0.000000
1.000000 3.000000 0.000250 0.000000 0.000000 0.000000 0.000000 0.000000 0.000000
1.000000 3.000000 0.008142 0.000000 0.000000 0.000000 0.000000 0.000000 0.000000
2.000000 3.000000 0.001000 0.000000 0.000000 0.000000 0.000000 0.000000 0.000000
2.000000 3.000000 0.009175 0.000000 0.000000 0.000000 0.000000 0.000000 0.000000
3.000000 3.000000 0.002250 0.000000 0.000000 0.000000 0.000000 0.000000 0.000000
3.000000 3.000000 0.010125 0.000000 0.000000 0.000000 0.000000 0.000000 0.000000
4.000000 3.000000 0.003250 0.000000 0.000000 0.000000 0.000000 0.000000 0.000000
4.000000 3.000000 0.011125 0.000000 0.000000 0.000000 0.000000 0.000000 0.000000
5.000000 3.000000 0.004000 0.000000 0.000000 0.000000 0.000000 0.000000 0.000000
5.000000 3.000000 0.012058 0.000000 0.000000 0.000000 0.000000 0.000000 0.000000
6.000000 3.000000 0.004250 0.000000 0.000000 0.000000 0.000000 0.000000 0.000000
6.000000 3.000000 0.012208 0.000000 0.000000 0.000000 0.000000 0.000000 0.000000
7.000000 3.000000 0.004500 0.000000 0.000000 0.000000 0.000000 0.000000 0.000000
7.000000 3.000000 0.012558 0.000000 0.000000 0.000000 0.000000 0.000000 0.000000
8.000000 3.000000 0.004750 0.000000 0.000000 0.000000 0.000000 0.000000 0.000000
8.000000 3.000000 0.012625 0.000000 0.000000 0.000000 0.000000 0.000000 0.000000
9.000000 3.000000 0.005250 0.000000 0.000000 0.000000 0.000000 0.000000 0.000000
9.000000 3.000000 0.013108 0.000000 0.000000 0.000000 0.000000 0.000000 0.000000
10.000000 3.000000 0.005750 0.000000 0.000000 0.000000 0.000000 0.000000 0.000000
10.000000 3.000000 0.013608 0.000000 0.000000 0.000000 0.000000 0.000000 0.000000
11.000000 3.000000 0.006250 0.000000 0.000000 0.000000 0.000000 0.000000 0.000000
11.000000 3.000000 0.014092 0.000000 0.000000 0.000000 0.000000 0.000000 0.000000
-0.000000 4.000000 0.002000 0.000000 0.000000 0.000000 0.000000 0.000000 0.000000
-0.000000 4.000000 0.009775 0.000000 0.000000 0.000000 0.000000 0.000000 0.000000
1.000000 4.000000 0.002750 0.000000 0.000000 0.000000 0.000000 0.000000 0.000000
1.000000 4.000000 0.010608 0.000000 0.000000 0.000000 0.000000 0.000000 0.000000
2.000000 4.000000 0.003500 0.000000 0.000000 0.000000 0.000000 0.000000 0.000000
2.000000 4.000000 0.011575 0.000000 0.000000 0.000000 0.000000 0.000000 0.000000
3.000000 4.000000 0.004500 0.000000 0.000000 0.000000 0.000000 0.000000 0.000000
3.000000 4.000000 0.012542 0.000000 0.000000 0.000000 0.000000 0.000000 0.000000
4.000000 4.000000 0.005500 0.000000 0.000000 0.000000 0.000000 0.000000 0.000000
4.000000 4.000000 0.013558 0.000000 0.000000 0.000000 0.000000 0.000000 0.000000
5.000000 4.000000 0.006500 0.000000 0.000000 0.000000 0.000000 0.000000 0.000000
5.000000 4.000000 0.014442 0.000000 0.000000 0.000000 0.000000 0.000000 0.000000
6.000000 4.000000 0.007000 0.000000 0.000000 0.000000 0.000000 0.000000 0.000000
6.000000 4.000000 0.014675 0.000000 0.000000 0.000000 0.000000 0.000000 0.000000
7.000000 4.000000 0.007000 0.000000 0.000000 0.000000 0.000000 0.000000 0.000000
7.000000 4.000000 0.015025 0.000000 0.000000 0.000000 0.000000 0.000000 0.000000
8.000000 4.000000 0.007250 0.000000 0.000000 0.000000 0.000000 0.000000 0.000000
8.000000 4.000000 0.015108 0.000000 0.000000 0.000000 0.000000 0.000000 0.000000
9.000000 4.000000 0.007750 0.000000 0.000000 0.000000 0.000000 0.000000 0.000000
9.000000 4.000000 0.015708 0.000000 0.000000 0.000000 0.000000 0.000000 0.000000
10.000000 4.000000 0.008250 0.000000 0.000000 0.000000 0.000000 0.000000 0.000000
10.000000 4.000000 0.016242 0.000000 0.000000 0.000000 0.000000 0.000000 0.000000
11.000000 4.000000 0.009000 0.000000 0.000000 0.000000 0.000000 0.000000 0.000000
11.000000 4.000000 0.016625 0.000000 0.000000 0.000000 0.000000 0.000000 0.000000
-0.000000 5.000000 0.003750 0.000000 0.000000 0.000000 0.000000 0.000000 0.000000
-0.000000 5.000000 0.011692 0.000000 0.000000 0.000000 0.000000 0.000000 0.000000
1.000000 5.000000 0.004500 0.000000 0.000000 0.000000 0.000000 0.000000 0.000000
1.000000 5.000000 0.012592 0.000000 0.000000 0.000000 0.000000 0.000000 0.000000
2.000000 5.000000 0.005500 0.000000 0.000000 0.000000 0.000000 0.000000 0.000000
2.000000 5.000000 0.013558 0.000000 0.000000 0.000000 0.000000 0.000000 0.000000
3.000000 5.000000 0.006750 0.000000 0.000000 0.000000 0.000000 0.000000 0.000000
3.000000 5.000000 0.014558 0.000000 0.000000 0.000000 0.000000 0.000000 0.000000
4.000000 5.000000 0.007750 0.000000 0.000000 0.000000 0.000000 0.000000 0.000000
4.000000 5.000000 0.015592 0.000000 0.000000 0.000000 0.000000 0.000000 0.000000
5.000000 5.000000 0.008500 0.000000 0.000000 0.000000 0.000000 0.000000 0.000000
5.000000 5.000000 0.016508 0.000000 0.000000 0.000000 0.000000 0.000000 0.000000
6.000000 5.000000 0.009250 0.000000 0.000000 0.000000 0.000000 0.000000 0.000000
6.000000 5.000000 0.017008 0.000000 0.000000 0.000000 0.000000 0.000000 0.000000
7.000000 5.000000 0.009250 0.000000 0.000000 0.000000 0.000000 0.000000 0.000000
7.000000 5.000000 0.017125 0.000000 0.000000 0.000000 0.000000 0.000000 0.000000
8.000000 5.000000 0.009750 0.000000 0.000000 0.000000 0.000000 0.000000 0.000000
8.000000 5.000000 0.017542 0.000000 0.000000 0.000000 0.000000 0.000000 0.000000
9.000000 5.000000 0.010250 0.000000 0.000000 0.000000 0.000000 0.000000 0.000000
9.000000 5.000000 0.018008 0.000000 0.000000 0.000000 0.000000 0.000000 0.000000
10.000000 5.000000 0.011000 0.000000 0.000000 0.000000 0.000000 0.000000 0.000000
10.000000 5.000000 0.018558 0.000000 0.000000 0.000000 0.000000 0.000000 0.000000
11.000000 5.000000 0.011250 0.000000 0.000000 0.000000 0.000000 0.000000 0.000000
11.000000 5.000000 0.019058 0.000000 0.000000 0.000000 0.000000 0.000000 0.000000
-0.000000 6.000000 0.005750 0.000000 0.000000 0.000000 0.000000 0.000000 0.000000
-0.000000 6.000000 0.013692 0.000000 0.000000 0.000000 0.000000 0.000000 0.000000
1.000000 6.000000 0.006500 0.000000 0.000000 0.000000 0.000000 0.000000 0.000000
1.000000 6.000000 0.014558 0.000000 0.000000 0.000000 0.000000 0.000000 0.000000
2.000000 6.000000 0.007500 0.000000 0.000000 0.000000 0.000000 0.000000 0.000000
2.000000 6.000000 0.015525 0.000000 0.000000 0.000000 0.000000 0.000000 0.000000
3.000000 6.000000 0.008750 0.000000 0.000000 0.000000 0.000000 0.000000 0.000000
3.000000 6.000000 0.016558 0.000000 0.000000 0.000000 0.000000 0.000000 0.000000
4.000000 6.000000 0.010000 0.000000 0.000000 0.000000 0.000000 0.000000 0.000000
4.000000 6.000000 0.017675 0.000000 0.000000 0.000000 0.000000 0.000000 0.000000
5.000000 6.000000 0.010750 0.000000 0.000000 0.000000 0.000000 0.000000 0.000000
5.000000 6.000000 0.018542 0.000000 0.000000 0.000000 0.000000 0.000000 0.000000
6.000000 6.000000 0.011500 0.000000 0.000000 0.000000 0.000000 0.000000 0.000000
6.000000 6.000000 0.019092 0.000000 0.000000 0.000000 0.000000 0.000000 0.000000
7.000000 6.000000 0.011750 0.000000 0.000000 0.000000 0.000000 0.000000 0.000000
7.000000 6.000000 0.019458 0.000000 0.000000 0.000000 0.000000 0.000000 0.000000
8.000000 6.000000 0.012000 0.000000 0.000000 0.000000 0.000000 0.000000 0.000000
8.000000 6.000000 0.019942 0.000000 0.000000 0.000000 0.000000 0.000000 0.000000
9.000000 6.000000 0.012750 0.000000 0.000000 0.000000 0.000000 0.000000 0.000000
9.000000 6.000000 0.020475 0.000000 0.000000 0.000000 0.000000 0.000000 0.000000
10.000000 6.000000 0.013250 0.000000 0.000000 0.000000 0.000000 0.000000 0.000000
10.000000 6.000000 0.020975 0.000000 0.000000 0.000000 0.000000 0.000000 0.000000
11.000000 6.000000 0.013750 0.000000 0.000000 0.000000 0.000000 0.000000 0.000000
11.000000 6.000000 0.021642 0.000000 0.000000 0.000000 0.000000 0.000000 0.000000
0.000000 7.000000 0.007750 0.000000 0.000000 0.000000 0.000000 0.000000 0.000000
0.000000 7.000000 0.015675 0.000000 0.000000 0.000000 0.000000 0.000000 0.000000
1.000000 7.000000 0.008750 0.000000 0.000000 0.000000 0.000000 0.000000 0.000000
1.000000 7.000000 0.016525 0.000000 0.000000 0.000000 0.000000 0.000000 0.000000
2.000000 7.000000 0.009750 0.000000 0.000000 0.000000 0.000000 0.000000 0.000000
2.000000 7.000000 0.017525 0.000000 0.000000 0.000000 0.000000 0.000000 0.000000
3.000000 7.000000 0.010750 0.000000 0.000000 0.000000 0.000000 0.000000 0.000000
3.000000 7.000000 0.018575 0.000000 0.000000 0.000000 0.000000 0.000000 0.000000
4.000000 7.000000 0.012000 0.000000 0.000000 0.000000 0.000000 0.000000 0.000000
4.000000 7.000000 0.019875 0.000000 0.000000 0.000000 0.000000 0.000000 0.000000
5.000000 7.000000 0.013000 0.000000 0.000000 0.000000 0.000000 0.000000 0.000000
5.000000 7.000000 0.020892 0.000000 0.000000 0.000000 0.000000 0.000000 0.000000
6.000000 7.000000 0.013500 0.000000 0.000000 0.000000 0.000000 0.000000 0.000000
6.000000 7.000000 0.021408 0.000000 0.000000 0.000000 0.000000 0.000000 0.000000
7.000000 7.000000 0.013750 0.000000 0.000000 0.000000 0.000000 0.000000 0.000000
7.000000 7.000000 0.021675 0.000000 0.000000 0.000000 0.000000 0.000000 0.000000
8.000000 7.000000 0.014250 0.000000 0.000000 0.000000 0.000000 0.000000 0.000000
8.000000 7.000000 0.022075 0.000000 0.000000 0.000000 0.000000 0.000000 0.000000
9.000000 7.000000 0.014750 0.000000 0.000000 0.000000 0.000000 0.000000 0.000000
9.000000 7.000000 0.022858 0.000000 0.000000 0.000000 0.000000 0.000000 0.000000
10.000000 7.000000 0.015500 0.000000 0.000000 0.000000 0.000000 0.000000 0.000000
10.000000 7.000000 0.023408 0.000000 0.000000 0.000000 0.000000 0.000000 0.000000
11.000000 7.000000 0.016000 0.000000 0.000000 0.000000 0.000000 0.000000 0.000000
11.000000 7.000000 0.024292 0.000000 0.000000 0.000000 0.000000 0.000000 0.000000
-0.000000 8.000000 0.009500 0.000000 0.000000 0.000000 0.000000 0.000000 0.000000
-0.000000 8.000000 0.017492 0.000000 0.000000 0.000000 0.000000 0.000000 0.000000
1.000000 8.000000 0.010500 0.000000 0.000000 0.000000 0.000000 0.000000 0.000000
1.000000 8.000000 0.018358 0.000000 0.000000 0.000000 0.000000 0.000000 0.000000
2.000000 8.000000 0.011500 0.000000 0.000000 0.000000 0.000000 0.000000 0.000000
2.000000 8.000000 0.019442 0.000000 0.000000 0.000000 0.000000 0.000000 0.000000
3.000000 8.000000 0.012750 0.000000 0.000000 0.000000 0.000000 0.000000 0.000000
3.000000 8.000000 0.020475 0.000000 0.000000 0.000000 0.000000 0.000000 0.000000
4.000000 8.000000 0.014000 0.000000 0.000000 0.000000 0.000000 0.000000 0.000000
4.000000 8.000000 0.021858 0.000000 0.000000 0.000000 0.000000 0.000000 0.000000
5.000000 8.000000 0.014750 0.000000 0.000000 0.000000 0.000000 0.000000 0.000000
5.000000 8.000000 0.022675 0.000000 0.000000 0.000000 0.000000 0.000000 0.000000
6.000000 8.000000 0.015500 0.000000 0.000000 0.000000 0.000000 0.000000 0.000000
6.000000 8.000000 0.023425 0.000000 0.000000 0.000000 0.000000 0.000000 0.000000
7.000000 8.000000 0.015750 0.000000 0.000000 0.000000 0.000000 0.000000 0.000000
7.000000 8.000000 0.023875 0.000000 0.000000 0.000000 0.000000 0.000000 0.000000
8.000000 8.000000 0.016250 0.000000 0.000000 0.000000 0.000000 0.000000 0.000000
8.000000 8.000000 0.024358 0.000000 0.000000 0.000000 0.000000 0.000000 0.000000
9.000000 8.000000 0.017000 0.000000 0.000000 0.000000 0.000000 0.000000 0.000000
9.000000 8.000000 0.024875 0.000000 0.000000 0.000000 0.000000 0.000000 0.000000
10.000000 8.000000 0.017750 0.000000 0.000000 0.000000 0.000000 0.000000 0.000000
10.000000 8.000000 0.025808 0.000000 0.000000 0.000000 0.000000 0.000000 0.000000
11.000000 8.000000 0.018750 0.000000 0.000000 0.000000 0.000000 0.000000 0.000000
11.000000 8.000000 0.026358 0.000000 0.000000 0.000000 0.000000 0.000000 0.000000
