-0.000000 -0.000000 -0.010500 0.000000 0.000000 0.000000 0.000000 0.000000 0.000000
-0.000000 -0.000000 -0.002592 0.000000 0.000000 0.000000 0.000000 0.000000 0.000000
1.000000 -0.000000 -0.010000 0.000000 0.000000 0.000000 0.000000 0.000000 0.000000
1.000000 -0.000000 -0.002125 0.000000 0.000000 0.000000 0.000000 0.000000 0.000000
2.000000 -0.000000 -0.009250 0.000000 0.000000 0.000000 0.000000 0.000000 0.000000
2.000000 -0.000000 -0.001542 0.000000 0.000000 0.000000 0.000000 0.000000 0.000000
3.000000 -0.000000 -0.008750 0.000000 0.000000 0.000000 0.000000 0.000000 0.000000
3.000000 -0.000000 -0.000675 0.000000 0.000000 0.000000 0.000000 0.000000 0.000000
4.000000 -0.000000 -0.008000 0.000000 0.000000 0.000000 0.000000 0.000000 0.000000
4.000000 -0.000000 -0.000058 0.000000 0.000000 0.000000 0.000000 0.000000 0.000000
5.000000 -0.000000 -0.007250 0.000000 0.000000 0.000000 0.000000 0.000000 0.000000
5.000000 -0.000000 0.000742 0.000000 0.000000 0.000000 0.000000 0.000000 0.000000
6.000000 -0.000000 -0.007250 0.000000 0.000000 0.000000 0.000000 0.000000 0.000000
6.000000 -0.000000 0.000825 0.000000 0.000000 0.000000 0.000000 0.000000 0.000000
7.000000 -0.000000 -0.007250 0.000000 0.000000 0.000000 0.000000 0.000000 0.000000
7.000000 -0.000000 0.000808 0.000000 0.000000 0.000000 0.000000 0.000000 0.000000
8.000000 -0.000000 -0.007000 0.000000 0.000000 0.000000 0.000000 0.000000 0.000000
8.000000 -0.000000 0.000858 0.000000 0.000000 0.000000 0.000000 0.000000 0.000000
9.000000 -0.000000 -0.006750 0.000000 0.000000 0.000000 0.000000 0.000000 0.000000
9.000000 -0.000000 0.001242 0.000000 0.000000 0.000000 0.000000 0.000000 0.000000
10.000000 -0.000000 -0.006500 0.000000 0.000000 0.000000 0.000000 0.000000 0.000000
10.000000 -0.000000 0.001375 0.000000 0.000000 0.000000 0.000000 0.000000 0.000000
11.000000 -0.000000 -0.006250 0.000000 0.000000 0.000000 0.000000 0.000000 0.000000
11.000000 -0.000000 0.001775 0.000000 0.000000 0.000000 0.000000 0.000000 0.000000
0.000000 1.000000 -0.009000 0.000000 0.000000 0.000000 0.000000 0.000000 0.000000
0.000000 1.000000 -0.001108 0.000000 0.000000 0.000000 0.000000 0.000000 0.000000
1.000000 1.000000 -0.008500 0.000000 0.000000 0.000000 0.000000 0.000000 0.000000
1.000000 1.000000 -0.000608 0.000000 0.000000 0.000000 0.000000 0.000000 0.000000
2.000000 1.000000 -0.008000 0.000000 0.000000 0.000000 0.000000 0.000000 0.000000
2.000000 1.000000 0.000242 0.000000 0.000000 0.000000 0.000000 0.000000 0.000000
3.000000 1.000000 -0.007000 0.000000 0.000000 0.000000 0.000000 0.000000 0.000000
3.000000 1.000000 0.000842 0.000000 0.000000 0.000000 0.000000 0.000000 0.000000
4.000000 1.000000 -0.006250 0.000000 0.000000 0.000000 0.000000 0.000000 0.000000
4.000000 1.000000 0.001775 0.000000 0.000000 0.000000 0.000000 0.000000 0.000000
5.000000 1.000000 -0.005500 0.000000 0.000000 0.000000 0.000000 0.000000 0.000000
5.000000 1.000000 0.002308 0.000000 0.000000 0.000000 0.000000 0.000000 0.000000
6.000000 1.000000 -0.005250 0.000000 0.000000 0.000000 0.000000 0.000000 0.000000
6.000000 1.000000 0.002708 0.000000 0.000000 0.000000 0.000000 0.000000 0.000000
7.000000 1.000000 -0.005250 0.000000 0.000000 0.000000 0.000000 0.000000 0.000000
7.000000 1.000000 0.002725 0.000000 0.000000 0.000000 0.000000 0.000000 0.000000
8.000000 1.000000 -0.005000 0.000000 0.000000 0.000000 0.000000 0.000000 0.000000
8.000000 1.000000 0.002758 0.000000 0.000000 0.000000 0.000000 0.000000 0.000000
9.000000 1.000000 -0.005000 0.000000 0.000000 0.000000 0.000000 0.000000 0.000000
9.000000 1.000000 0.002942 0.000000 0.000000 0.000000 0.000000 0.000000 0.000000
10.000000 1.000000 -0.004500 0.000000 0.000000 0.000000 0.000000 0.000000 0.000000
10.000000 1.000000 0.003375 0.000000 0.000000 0.000000 0.000000 0.000000 0.000000
11.000000 1.000000 -0.004250 0.000000 0.000000 0.000000 0.000000 0.000000 0.000000
11.000000 1.000000 0.003725 0.000000 0.000000 0.000000 0.000000 0.000000 0.000000
0.000000 2.000000 -0.007500 0.000000 0.000000 0.000000 0.000000 0.000000 0.000000
0.000000 2.000000 0.000375 0.000000 0.000000 0.000000 0.000000 0.000000 0.000000
1.000000 2.000000 -0.007000 0.000000 0.000000 0.000000 0.000000 0.000000 0.000000
1.000000 2.000000 0.000842 0.000000 0.000000 0.000000 0.000000 0.000000 0.000000
2.000000 2.000000 -0.006500 0.000000 0.000000 0.000000 0.000000 0.000000 0.000000
2.000000 2.000000 0.001458 0.000000 0.000000 0.000000 0.000000 0.000000 0.000000
3.000000 2.000000 -0.005500 0.000000 0.000000 0.000000 0.000000 0.000000 0.000000
3.000000 2.000000 0.002325 0.000000 0.000000 0.000000 0.000000 0.000000 0.000000
4.000000 2.000000 -0.004500 0.000000 0.000000 0.000000 0.000000 0.000000 0.000000
4.000000 2.000000 0.003275 0.000000 0.000000 0.000000 0.000000 0.000000 0.000000
5.000000 2.000000 -0.004000 0.000000 0.000000 0.000000 0.000000 0.000000 0.000000
5.000000 2.000000 0.003808 0.000000 0.000000 0.000000 0.000000 0.000000 0.000000
6.000000 2.000000 -0.003500 0.000000 0.000000 0.000000 0.000000 0.000000 0.000000
6.000000 2.000000 0.004242 0.000000 0.000000 0.000000 0.000000 0.000000 0.000000
7.000000 2.000000 -0.003500 0.000000 0.000000 0.000000 0.000000 0.000000 0.000000
7.000000 2.000000 0.004275 0.000000 0.000000 0.000000 0.000000 0.000000 0.000000
8.000000 2.000000 -0.003500 0.000000 0.000000 0.000000 0.000000 0.000000 0.000000
8.000000 2.000000 0.004342 0.000000 0.000000 0.000000 0.000000 0.000000 0.000000
9.000000 2.000000 -0.003250 0.000000 0.000000 0.000000 0.000000 0.000000 0.000000
9.000000 2.000000 0.004742 0.000000 0.000000 0.000000 0.000000 0.000000 0.000000
10.000000 2.000000 -0.002750 0.000000 0.000000 0.000000 0.000000 0.000000 0.000000
10.000000 2.000000 0.005225 0.000000 0.000000 0.000000 0.000000 0.000000 0.000000
11.000000 2.000000 -0.002500 0.000000 0.000000 0.000000 0.000000 0.000000 0.000000
11.000000 2.000000 0.005658 0.000000 0.000000 0.000000 0.000000 0.000000 0.000000
-0.000000 3.000000 -0.006250 0.000000 0.000000 0.000000 0.000000 0.000000 0.000000
-0.000000 3.000000 0.001742 0.000000 0.000000 0.000000 0.000000 0.000000 0.000000
1.000000 3.000000 -0.005750 0.000000 0.000000 0.000000 0.000000 0.000000 0.000000
1.000000 3.000000 0.002242 0.000000 0.000000 0.000000 0.000000 0.000000 0.000000
2.000000 3.000000 -0.005000 0.000000 0.000000 0.000000 0.000000 0.000000 0.000000
2.000000 3.000000 0.002808 0.000000 0.000000 0.000000 0.000000 0.000000 0.000000
3.000000 3.000000 -0.004000 0.000000 0.000000 0.000000 0.000000 0.000000 0.000000
3.000000 3.000000 0.003758 0.000000 0.000000 0.000000 0.000000 0.000000 0.000000
4.000000 3.000000 -0.003250 0.000000 0.000000 0.000000 0.000000 0.000000 0.000000
4.000000 3.000000 0.004742 0.000000 0.000000 0.000000 0.000000 0.000000 0.000000
5.000000 3.000000 -0.002500 0.000000 0.000000 0.000000 0.000000 0.000000 0.000000
5.000000 3.000000 0.005308 0.000000 0.000000 0.000000 0.000000 0.000000 0.000000
6.000000 3.000000 -0.002250 0.000000 0.000000 0.000000 0.000000 0.000000 0.000000
6.000000 3.000000 0.005725 0.000000 0.000000 0.000000 0.000000 0.000000 0.000000
7.000000 3.000000 -0.002250 0.000000 0.000000 0.000000 0.000000 0.000000 0.000000
7.000000 3.000000 0.005758 0.000000 0.000000 0.000000 0.000000 0.000000 0.000000
8.000000 3.000000 -0.002000 0.000000 0.000000 0.000000 0.000000 0.000000 0.000000
8.000000 3.000000 0.006125 0.000000 0.000000 0.000000 0.000000 0.000000 0.000000
9.000000 3.000000 -0.001500 0.000000 0.000000 0.000000 0.000000 0.000000 0.000000
9.000000 3.000000 0.006258 0.000000 0.000000 0.000000 0.000000 0.000000 0.000000
10.000000 3.000000 -0.001250 0.000000 0.000000 0.000000 0.000000 0.000000 0.000000
10.000000 3.000000 0.006742 0.000000 0.000000 0.000000 0.000000 0.000000 0.000000
11.000000 3.000000 -0.000750 0.000000 0.000000 0.000000 0.000000 0.000000 0.000000
11.000000 3.000000 0.007208 0.000000 0.000000 0.000000 0.000000 0.000000 0.000000
0.000000 4.000000 -0.005250 0.000000 0.000000 0.000000 0.000000 0.000000 0.000000
0.000000 4.000000 0.002742 0.000000 0.000000 0.000000 0.000000 0.000000 0.000000
1.000000 4.000000 -0.004750 0.000000 0.000000 0.000000 0.000000 0.000000 0.000000
1.000000 4.000000 0.003242 0.000000 0.000000 0.000000 0.000000 0.000000 0.000000
2.000000 4.000000 -0.003750 0.000000 0.000000 0.000000 0.000000 0.000000 0.000000
2.000000 4.000000 0.003908 0.000000 0.000000 0.000000 0.000000 0.000000 0.000000
3.000000 4.000000 -0.003000 0.000000 0.000000 0.000000 0.000000 0.000000 0.000000
3.000000 4.000000 0.004842 0.000000 0.000000 0.000000 0.000000 0.000000 0.000000
4.000000 4.000000 -0.002000 0.000000 0.000000 0.000000 0.000000 0.000000 0.000000
4.000000 4.000000 0.005808 0.000000 0.000000 0.000000 0.000000 0.000000 0.000000
5.000000 4.000000 -0.001250 0.000000 0.000000 0.000000 0.000000 0.000000 0.000000
5.000000 4.000000 0.006675 0.000000 0.000000 0.000000 0.000000 0.000000 0.000000
6.000000 4.000000 -0.001000 0.000000 0.000000 0.000000 0.000000 0.000000 0.000000
6.000000 4.000000 0.007142 0.000000 0.000000 0.000000 0.000000 0.000000 0.000000
7.000000 4.000000 -0.000750 0.000000 0.000000 0.000000 0.000000 0.000000 0.000000
7.000000 4.000000 0.007192 0.000000 0.000000 0.000000 0.000000 0.000000 0.000000
8.000000 4.000000 -0.000500 0.000000 0.000000 0.000000 0.000000 0.000000 0.000000
8.000000 4.000000 0.007325 0.000000 0.000000 0.000000 0.000000 0.000000 0.000000
9.000000 4.000000 0.000000 0.000000 0.000000 0.000000 0.000000 0.000000 0.000000
9.000000 4.000000 0.007742 0.000000 0.000000 0.000000 0.000000 0.000000 0.000000
10.000000 4.000000 0.000500 0.000000 0.000000 0.000000 0.000000 0.000000 0.000000
10.000000 4.000000 0.008242 0.000000 0.000000 0.000000 0.000000 0.000000 0.000000
11.000000 4.000000 0.001000 0.000000 0.000000 0.000000 0.000000 0.000000 0.000000
11.000000 4.000000 0.008708 0.000000 0.000000 0.000000 0.000000 0.000000 0.000000
0.000000 5.000000 -0.004500 0.000000 0.000000 0.000000 0.000000 0.000000 0.000000
0.000000 5.000000 0.003425 0.000000 0.000000 0.000000 0.000000 0.000000 0.000000
1.000000 5.000000 -0.003750 0.000000 0.000000 0.000000 0.000000 0.000000 0.000000
1.000000 5.000000 0.004208 0.000000 0.000000 0.000000 0.000000 0.000000 0.000000
2.000000 5.000000 -0.003000 0.000000 0.000000 0.000000 0.000000 0.000000 0.000000
2.000000 5.000000 0.004875 0.000000 0.000000 0.000000 0.000000 0.000000 0.000000
3.000000 5.000000 -0.002000 0.000000 0.000000 0.000000 0.000000 0.000000 0.000000
3.000000 5.000000 0.005858 0.000000 0.000000 0.000000 0.000000 0.000000 0.000000
4.000000 5.000000 -0.001000 0.000000 0.000000 0.000000 0.000000 0.000000 0.000000
4.000000 5.000000 0.006875 0.000000 0.000000 0.000000 0.000000 0.000000 0.000000
5.000000 5.000000 -0.000250 0.000000 0.000000 0.000000 0.000000 0.000000 0.000000
5.000000 5.000000 0.007708 0.000000 0.000000 0.000000 0.000000 0.000000 0.000000
6.000000 5.000000 0.000250 0.000000 0.000000 0.000000 0.000000 0.000000 0.000000
6.000000 5.000000 0.008175 0.000000 0.000000 0.000000 0.000000 0.000000 0.000000
7.000000 5.000000 0.000500 0.000000 0.000000 0.000000 0.000000 0.000000 0.000000
7.000000 5.000000 0.008242 0.000000 0.000000 0.000000 0.000000 0.000000 0.000000
8.000000 5.000000 0.000750 0.000000 0.000000 0.000000 0.000000 0.000000 0.000000
8.000000 5.000000 0.008658 0.000000 0.000000 0.000000 0.000000 0.000000 0.000000
9.000000 5.000000 0.001250 0.000000 0.000000 0.000000 0.000000 0.000000 0.000000
9.000000 5.000000 0.009125 0.000000 0.000000 0.000000 0.000000 0.000000 0.000000
10.000000 5.000000 0.001750 0.000000 0.000000 0.000000 0.000000 0.000000 0.000000
10.000000 5.000000 0.009658 0.000000 0.000000 0.000000 0.000000 0.000000 0.000000
11.000000 5.000000 0.002250 0.000000 0.000000 0.000000 0.000000 0.000000 0.000000
11.000000 5.000000 0.010125 0.000000 0.000000 0.000000 0.000000 0.000000 0.000000
0.000000 6.000000 -0.003500 0.000000 0.000000 0.000000 0.000000 0.000000 0.000000
0.000000 6.000000 0.004275 0.000000 0.000000 0.000000 0.000000 0.000000 0.000000
1.000000 6.000000 -0.003000 0.000000 0.000000 0.000000 0.000000 0.000000 0.000000
1.000000 6.000000 0.004875 0.000000 0.000000 0.000000 0.000000 0.000000 0.000000
2.000000 6.000000 -0.002000 0.000000 0.000000 0.000000 0.000000 0.000000 0.000000
2.000000 6.000000 0.005792 0.000000 0.000000 0.000000 0.000000 0.000000 0.000000
3.000000 6.000000 -0.001000 0.000000 0.000000 0.000000 0.000000 0.000000 0.000000
3.000000 6.000000 0.006825 0.000000 0.000000 0.000000 0.000000 0.000000 0.000000
4.000000 6.000000 0.000000 0.000000 0.000000 0.000000 0.000000 0.000000 0.000000
4.000000 6.000000 0.007842 0.000000 0.000000 0.000000 0.000000 0.000000 0.000000
5.000000 6.000000 0.000750 0.000000 0.000000 0.000000 0.000000 0.000000 0.000000
5.000000 6.000000 0.008692 0.000000 0.000000 0.000000 0.000000 0.000000 0.000000
6.000000 6.000000 0.001500 0.000000 0.000000 0.000000 0.000000 0.000000 0.000000
6.000000 6.000000 0.009208 0.000000 0.000000 0.000000 0.000000 0.000000 0.000000
7.000000 6.000000 0.001500 0.000000 0.000000 0.000000 0.000000 0.000000 0.000000
7.000000 6.000000 0.009592 0.000000 0.000000 0.000000 0.000000 0.000000 0.000000
8.000000 6.000000 0.002000 0.000000 0.000000 0.000000 0.000000 0.000000 0.000000
8.000000 6.000000 0.009725 0.000000 0.000000 0.000000 0.000000 0.000000 0.000000
9.000000 6.000000 0.002500 0.000000 0.000000 0.000000 0.000000 0.000000 0.000000
9.000000 6.000000 0.010225 0.000000 0.000000 0.000000 0.000000 0.000000 0.000000
10.000000 6.000000 0.003250 0.000000 0.000000 0.000000 0.000000 0.000000 0.000000
10.000000 6.000000 0.011075 0.000000 0.000000 0.000000 0.000000 0.000000 0.000000
11.000000 6.000000 0.003500 0.000000 0.000000 0.000000 0.000000 0.000000 0.000000
11.000000 6.000000 0.011575 0.000000 0.000000 0.000000 0.000000 0.000000 0.000000
-0.000000 7.000000 -0.002750 0.000000 0.000000 0.000000 0.000000 0.000000 0.000000
-0.000000 7.000000 0.005192 0.000000 0.000000 0.000000 0.000000 0.000000 0.000000
1.000000 7.000000 -0.002250 0.000000 0.000000 0.000000 0.000000 0.000000 0.000000
1.000000 7.000000 0.005758 0.000000 0.000000 0.000000 0.000000 0.000000 0.000000
2.000000 7.000000 -0.001250 0.000000 0.000000 0.000000 0.000000 0.000000 0.000000
2.000000 7.000000 0.006725 0.000000 0.000000 0.000000 0.000000 0.000000 0.000000
3.000000 7.000000 -0.000250 0.000000 0.000000 0.000000 0.000000 0.000000 0.000000
3.000000 7.000000 0.007708 0.000000 0.000000 0.000000 0.000000 0.000000 0.000000
4.000000 7.000000 0.001000 0.000000 0.000000 0.000000 0.000000 0.000000 0.000000
4.000000 7.000000 0.008858 0.000000 0.000000 0.000000 0.000000 0.000000 0.000000
5.000000 7.000000 0.002000 0.000000 0.000000 0.000000 0.000000 0.000000 0.000000
5.000000 7.000000 0.009708 0.000000 0.000000 0.000000 0.000000 0.000000 0.000000
6.000000 7.000000 0.002500 0.000000 0.000000 0.000000 0.000000 0.000000 0.000000
6.000000 7.000000 0.010542 0.000000 0.000000 0.000000 0.000000 0.000000 0.000000
7.000000 7.000000 0.002750 0.000000 0.000000 0.000000 0.000000 0.000000 0.000000
7.000000 7.000000 0.010608 0.000000 0.000000 0.000000 0.000000 0.000000 0.000000
8.000000 7.000000 0.003000 0.000000 0.000000 0.000000 0.000000 0.000000 0.000000
8.000000 7.000000 0.011092 0.000000 0.000000 0.000000 0.000000 0.000000 0.000000
9.000000 7.000000 0.003750 0.000000 0.000000 0.000000 0.000000 0.000000 0.000000
9.000000 7.000000 0.011592 0.000000 0.000000 0.000000 0.000000 0.000000 0.000000
10.000000 7.000000 0.004250 0.000000 0.000000 0.000000 0.000000 0.000000 0.000000
10.000000 7.000000 0.012158 0.000000 0.000000 0.000000 0.000000 0.000000 0.000000
11.000000 7.000000 0.005000 0.000000 0.000000 0.000000 0.000000 0.000000 0.000000
11.000000 7.000000 0.012658 0.000000 0.000000 0.000000 0.000000 0.000000 0.000000
0.000000 8.000000 -0.002250 0.000000 0.000000 0.000000 0.000000 0.000000 0.000000
0.000000 8.000000 0.005725 0.000000 0.000000 0.000000 0.000000 0.000000 0.000000
1.000000 8.000000 -0.001500 0.000000 0.000000 0.000000 0.000000 0.000000 0.000000
1.000000 8.000000 0.006625 0.000000 0.000000 0.000000 0.000000 0.000000 0.000000
2.000000 8.000000 -0.000500 0.000000 0.000000 0.000000 0.000000 0.000000 0.000000
2.000000 8.000000 0.007408 0.000000 0.000000 0.000000 0.000000 0.000000 0.000000
3.000000 8.000000 0.000750 0.000000 0.000000 0.000000 0.000000 0.000000 0.000000
3.000000 8.000000 0.008642 0.000000 0.000000 0.000000 0.000000 0.000000 0.000000
4.000000 8.000000 0.002000 0.000000 0.000000 0.000000 0.000000 0.000000 0.000000
4.000000 8.000000 0.009692 0.000000 0.000000 0.000000 0.000000 0.000000 0.000000
5.000000 8.000000 0.002750 0.000000 0.000000 0.000000 0.000000 0.000000 0.000000
5.000000 8.000000 0.010658 0.000000 0.000000 0.000000 0.000000 0.000000 0.000000
6.000000 8.000000 0.003250 0.000000 0.000000 0.000000 0.000000 0.000000 0.000000
6.000000 8.000000 0.011158 0.000000 0.000000 0.000000 0.000000 0.000000 0.000000
7.000000 8.000000 0.003750 0.000000 0.000000 0.000000 0.000000 0.000000 0.000000
7.000000 8.000000 0.011608 0.000000 0.000000 0.000000 0.000000 0.000000 0.000000
8.000000 8.000000 0.004250 0.000000 0.000000 0.000000 0.000000 0.000000 0.000000
8.000000 8.000000 0.012092 0.000000 0.000000 0.000000 0.000000 0.000000 0.000000
9.000000 8.000000 0.004750 0.000000 0.000000 0.000000 0.000000 0.000000 0.000000
9.000000 8.000000 0.012625 0.000000 0.000000 0.000000 0.000000 0.000000 0.000000
10.000000 8.000000 0.005500 0.000000 0.000000 0.000000 0.000000 0.000000 0.000000
10.000000 8.000000 0.013508 0.000000 0.000000 0.000000 0.000000 0.000000 0.000000
11.000000 8.000000 0.006000 0.000000 0.000000 0.000000 0.000000 0.000000 0.000000
11.000000 8.000000 0.014058 0.000000 0.000000 0.000000 0.000000 0.000000 0.000000
