-0.000000 -0.000000 0.006500 0.000000 0.000000 0.000000 0.000000 0.000000 0.000000
-0.000000 -0.000000 0.014492 0.000000 0.000000 0.000000 0.000000 0.000000 0.000000
1.000000 -0.000000 0.006500 0.000000 0.000000 0.000000 0.000000 0.000000 0.000000
1.000000 -0.000000 0.014508 0.000000 0.000000 0.000000 0.000000 0.000000 0.000000
2.000000 -0.000000 0.007000 0.000000 0.000000 0.000000 0.000000 0.000000 0.000000
2.000000 -0.000000 0.014625 0.000000 0.000000 0.000000 0.000000 0.000000 0.000000
3.000000 -0.000000 0.007250 0.000000 0.000000 0.000000 0.000000 0.000000 0.000000
3.000000 -0.000000 0.015075 0.000000 0.000000 0.000000 0.000000 0.000000 0.000000
4.000000 -0.000000 0.007750 0.000000 0.000000 0.000000 0.000000 0.000000 0.000000
4.000000 -0.000000 0.015558 0.000000 0.000000 0.000000 0.000000 0.000000 0.000000
5.000000 -0.000000 0.008000 0.000000 0.000000 0.000000 0.000000 0.000000 0.000000
5.000000 -0.000000 0.015975 0.000000 0.000000 0.000000 0.000000 0.000000 0.000000
6.000000 -0.000000 0.007750 0.000000 0.000000 0.000000 0.000000 0.000000 0.000000
6.000000 -0.000000 0.015608 0.000000 0.000000 0.000000 0.000000 0.000000 0.000000
7.000000 -0.000000 0.007250 0.000000 0.000000 0.000000 0.000000 0.000000 0.000000
7.000000 -0.000000 0.015208 0.000000 0.000000 0.000000 0.000000 0.000000 0.000000
8.000000 -0.000000 0.007250 0.000000 0.000000 0.000000 0.000000 0.000000 0.000000
8.000000 -0.000000 0.015042 0.000000 0.000000 0.000000 0.000000 0.000000 0.000000
9.000000 -0.000000 0.007000 0.000000 0.000000 0.000000 0.000000 0.000000 0.000000
9.000000 -0.000000 0.015008 0.000000 0.000000 0.000000 0.000000 0.000000 0.000000
10.000000 -0.000000 0.007000 0.000000 0.000000 0.000000 0.000000 0.000000 0.000000
10.000000 -0.000000 0.015008 0.000000 0.000000 0.000000 0.000000 0.000000 0.000000
11.000000 -0.000000 0.007000 0.000000 0.000000 0.000000 0.000000 0.000000 0.000000
11.000000 -0.000000 0.014975 0.000000 0.000000 0.000000 0.000000 0.000000 0.000000
-0.000000 1.000000 0.006500 0.000000 0.000000 0.000000 0.000000 0.000000 0.000000
-0.000000 1.000000 0.014192 0.000000 0.000000 0.000000 0.000000 0.000000 0.000000
1.000000 1.000000 0.006500 0.000000 0.000000 0.000000 0.000000 0.000000 0.000000
1.000000 1.000000 0.014508 0.000000 0.000000 0.000000 0.000000 0.000000 0.000000
2.000000 1.000000 0.006750 0.000000 0.000000 0.000000 0.000000 0.000000 0.000000
2.000000 1.000000 0.014625 0.000000 0.000000 0.000000 0.000000 0.000000 0.000000
3.000000 1.000000 0.007250 0.000000 0.000000 0.000000 0.000000 0.000000 0.000000
3.000000 1.000000 0.015092 0.000000 0.000000 0.000000 0.000000 0.000000 0.000000
4.000000 1.000000 0.007750 0.000000 0.000000 0.000000 0.000000 0.000000 0.000000
4.000000 1.000000 0.015592 0.000000 0.000000 0.000000 0.000000 0.000000 0.000000
5.000000 1.000000 0.008000 0.000000 0.000000 0.000000 0.000000 0.000000 0.000000
5.000000 1.000000 0.015992 0.000000 0.000000 0.000000 0.000000 0.000000 0.000000
6.000000 1.000000 0.008000 0.000000 0.000000 0.000000 0.000000 0.000000 0.000000
6.000000 1.000000 0.015958 0.000000 0.000000 0.000000 0.000000 0.000000 0.000000
7.000000 1.000000 0.007500 0.000000 0.000000 0.000000 0.000000 0.000000 0.000000
7.000000 1.000000 0.015525 0.000000 0.000000 0.000000 0.000000 0.000000 0.000000
8.000000 1.000000 0.007500 0.000000 0.000000 0.000000 0.000000 0.000000 0.000000
8.000000 1.000000 0.015108 0.000000 0.000000 0.000000 0.000000 0.000000 0.000000
9.000000 1.000000 0.007250 0.000000 0.000000 0.000000 0.000000 0.000000 0.000000
9.000000 1.000000 0.015108 0.000000 0.000000 0.000000 0.000000 0.000000 0.000000
10.000000 1.000000 0.007250 0.000000 0.000000 0.000000 0.000000 0.000000 0.000000
10.000000 1.000000 0.015142 0.000000 0.000000 0.000000 0.000000 0.000000 0.000000
11.000000 1.000000 0.007250 0.000000 0.000000 0.000000 0.000000 0.000000 0.000000
11.000000 1.000000 0.015108 0.000000 0.000000 0.000000 0.000000 0.000000 0.000000
-0.000000 2.000000 0.006250 0.000000 0.000000 0.000000 0.000000 0.000000 0.000000
-0.000000 2.000000 0.014092 0.000000 0.000000 0.000000 0.000000 0.000000 0.000000
1.000000 2.000000 0.006500 0.000000 0.000000 0.000000 0.000000 0.000000 0.000000
1.000000 2.000000 0.014175 0.000000 0.000000 0.000000 0.000000 0.000000 0.000000
2.000000 2.000000 0.006750 0.000000 0.000000 0.000000 0.000000 0.000000 0.000000
2.000000 2.000000 0.014608 0.000000 0.000000 0.000000 0.000000 0.000000 0.000000
3.000000 2.000000 0.007250 0.000000 0.000000 0.000000 0.000000 0.000000 0.000000
3.000000 2.000000 0.015092 0.000000 0.000000 0.000000 0.000000 0.000000 0.000000
4.000000 2.000000 0.007750 0.000000 0.000000 0.000000 0.000000 0.000000 0.000000
4.000000 2.000000 0.015625 0.000000 0.000000 0.000000 0.000000 0.000000 0.000000
5.000000 2.000000 0.008000 0.000000 0.000000 0.000000 0.000000 0.000000 0.000000
5.000000 2.000000 0.016025 0.000000 0.000000 0.000000 0.000000 0.000000 0.000000
6.000000 2.000000 0.008000 0.000000 0.000000 0.000000 0.000000 0.000000 0.000000
6.000000 2.000000 0.016008 0.000000 0.000000 0.000000 0.000000 0.000000 0.000000
7.000000 2.000000 0.007750 0.000000 0.000000 0.000000 0.000000 0.000000 0.000000
7.000000 2.000000 0.015575 0.000000 0.000000 0.000000 0.000000 0.000000 0.000000
8.000000 2.000000 0.007500 0.000000 0.000000 0.000000 0.000000 0.000000 0.000000
8.000000 2.000000 0.015508 0.000000 0.000000 0.000000 0.000000 0.000000 0.000000
9.000000 2.000000 0.007500 0.000000 0.000000 0.000000 0.000000 0.000000 0.000000
9.000000 2.000000 0.015525 0.000000 0.000000 0.000000 0.000000 0.000000 0.000000
10.000000 2.000000 0.007500 0.000000 0.000000 0.000000 0.000000 0.000000 0.000000
10.000000 2.000000 0.015525 0.000000 0.000000 0.000000 0.000000 0.000000 0.000000
11.000000 2.000000 0.007750 0.000000 0.000000 0.000000 0.000000 0.000000 0.000000
11.000000 2.000000 0.015542 0.000000 0.000000 0.000000 0.000000 0.000000 0.000000
0.000000 3.000000 0.006000 0.000000 0.000000 0.000000 0.000000 0.000000 0.000000
0.000000 3.000000 0.013825 0.000000 0.000000 0.000000 0.000000 0.000000 0.000000
1.000000 3.000000 0.006000 0.000000 0.000000 0.000000 0.000000 0.000000 0.000000
1.000000 3.000000 0.014058 0.000000 0.000000 0.000000 0.000000 0.000000 0.000000
2.000000 3.000000 0.006500 0.000000 0.000000 0.000000 0.000000 0.000000 0.000000
2.000000 3.000000 0.014508 0.000000 0.000000 0.000000 0.000000 0.000000 0.000000
3.000000 3.000000 0.007000 0.000000 0.000000 0.000000 0.000000 0.000000 0.000000
3.000000 3.000000 0.014992 0.000000 0.000000 0.000000 0.000000 0.000000 0.000000
4.000000 3.000000 0.007500 0.000000 0.000000 0.000000 0.000000 0.000000 0.000000
4.000000 3.000000 0.015525 0.000000 0.000000 0.000000 0.000000 0.000000 0.000000
5.000000 3.000000 0.008000 0.000000 0.000000 0.000000 0.000000 0.000000 0.000000
5.000000 3.000000 0.015975 0.000000 0.000000 0.000000 0.000000 0.000000 0.000000
6.000000 3.000000 0.008000 0.000000 0.000000 0.000000 0.000000 0.000000 0.000000
6.000000 3.000000 0.015958 0.000000 0.000000 0.000000 0.000000 0.000000 0.000000
7.000000 3.000000 0.007500 0.000000 0.000000 0.000000 0.000000 0.000000 0.000000
7.000000 3.000000 0.015542 0.000000 0.000000 0.000000 0.000000 0.000000 0.000000
8.000000 3.000000 0.007500 0.000000 0.000000 0.000000 0.000000 0.000000 0.000000
8.000000 3.000000 0.015508 0.000000 0.000000 0.000000 0.000000 0.000000 0.000000
9.000000 3.000000 0.007500 0.000000 0.000000 0.000000 0.000000 0.000000 0.000000
9.000000 3.000000 0.015508 0.000000 0.000000 0.000000 0.000000 0.000000 0.000000
10.000000 3.000000 0.007750 0.000000 0.000000 0.000000 0.000000 0.000000 0.000000
10.000000 3.000000 0.015542 0.000000 0.000000 0.000000 0.000000 0.000000 0.000000
11.000000 3.000000 0.007750 0.000000 0.000000 0.000000 0.000000 0.000000 0.000000
11.000000 3.000000 0.015575 0.000000 0.000000 0.000000 0.000000 0.000000 0.000000
-0.000000 4.000000 0.005250 0.000000 0.000000 0.000000 0.000000 0.000000 0.000000
-0.000000 4.000000 0.013158 0.000000 0.000000 0.000000 0.000000 0.000000 0.000000
1.000000 4.000000 0.005500 0.000000 0.000000 0.000000 0.000000 0.000000 0.000000
1.000000 4.000000 0.013542 0.000000 0.000000 0.000000 0.000000 0.000000 0.000000
2.000000 4.000000 0.006000 0.000000 0.000000 0.000000 0.000000 0.000000 0.000000
2.000000 4.000000 0.014042 0.000000 0.000000 0.000000 0.000000 0.000000 0.000000
3.000000 4.000000 0.006750 0.000000 0.000000 0.000000 0.000000 0.000000 0.000000
3.000000 4.000000 0.014558 0.000000 0.000000 0.000000 0.000000 0.000000 0.000000
4.000000 4.000000 0.007250 0.000000 0.000000 0.000000 0.000000 0.000000 0.000000
4.000000 4.000000 0.015108 0.000000 0.000000 0.000000 0.000000 0.000000 0.000000
5.000000 4.000000 0.007750 0.000000 0.000000 0.000000 0.000000 0.000000 0.000000
5.000000 4.000000 0.015575 0.000000 0.000000 0.000000 0.000000 0.000000 0.000000
6.000000 4.000000 0.007750 0.000000 0.000000 0.000000 0.000000 0.000000 0.000000
6.000000 4.000000 0.015575 0.000000 0.000000 0.000000 0.000000 0.000000 0.000000
7.000000 4.000000 0.007500 0.000000 0.000000 0.000000 0.000000 0.000000 0.000000
7.000000 4.000000 0.015508 0.000000 0.000000 0.000000 0.000000 0.000000 0.000000
8.000000 4.000000 0.007250 0.000000 0.000000 0.000000 0.000000 0.000000 0.000000
8.000000 4.000000 0.015258 0.000000 0.000000 0.000000 0.000000 0.000000 0.000000
9.000000 4.000000 0.007500 0.000000 0.000000 0.000000 0.000000 0.000000 0.000000
9.000000 4.000000 0.015475 0.000000 0.000000 0.000000 0.000000 0.000000 0.000000
10.000000 4.000000 0.007500 0.000000 0.000000 0.000000 0.000000 0.000000 0.000000
10.000000 4.000000 0.015508 0.000000 0.000000 0.000000 0.000000 0.000000 0.000000
11.000000 4.000000 0.007750 0.000000 0.000000 0.000000 0.000000 0.000000 0.000000
11.000000 4.000000 0.015542 0.000000 0.000000 0.000000 0.000000 0.000000 0.000000
0.000000 5.000000 0.004500 0.000000 0.000000 0.000000 0.000000 0.000000 0.000000
0.000000 5.000000 0.012558 0.000000 0.000000 0.000000 0.000000 0.000000 0.000000
1.000000 5.000000 0.004750 0.000000 0.000000 0.000000 0.000000 0.000000 0.000000
1.000000 5.000000 0.012692 0.000000 0.000000 0.000000 0.000000 0.000000 0.000000
2.000000 5.000000 0.005250 0.000000 0.000000 0.000000 0.000000 0.000000 0.000000
2.000000 5.000000 0.013208 0.000000 0.000000 0.000000 0.000000 0.000000 0.000000
3.000000 5.000000 0.006000 0.000000 0.000000 0.000000 0.000000 0.000000 0.000000
3.000000 5.000000 0.014025 0.000000 0.000000 0.000000 0.000000 0.000000 0.000000
4.000000 5.000000 0.006750 0.000000 0.000000 0.000000 0.000000 0.000000 0.000000
4.000000 5.000000 0.014575 0.000000 0.000000 0.000000 0.000000 0.000000 0.000000
5.000000 5.000000 0.007250 0.000000 0.000000 0.000000 0.000000 0.000000 0.000000
5.000000 5.000000 0.015058 0.000000 0.000000 0.000000 0.000000 0.000000 0.000000
6.000000 5.000000 0.007250 0.000000 0.000000 0.000000 0.000000 0.000000 0.000000
6.000000 5.000000 0.015108 0.000000 0.000000 0.000000 0.000000 0.000000 0.000000
7.000000 5.000000 0.007000 0.000000 0.000000 0.000000 0.000000 0.000000 0.000000
7.000000 5.000000 0.015025 0.000000 0.000000 0.000000 0.000000 0.000000 0.000000
8.000000 5.000000 0.007000 0.000000 0.000000 0.000000 0.000000 0.000000 0.000000
8.000000 5.000000 0.015025 0.000000 0.000000 0.000000 0.000000 0.000000 0.000000
9.000000 5.000000 0.007250 0.000000 0.000000 0.000000 0.000000 0.000000 0.000000
9.000000 5.000000 0.015058 0.000000 0.000000 0.000000 0.000000 0.000000 0.000000
10.000000 5.000000 0.007250 0.000000 0.000000 0.000000 0.000000 0.000000 0.000000
10.000000 5.000000 0.015258 0.000000 0.000000 0.000000 0.000000 0.000000 0.000000
11.000000 5.000000 0.007500 0.000000 0.000000 0.000000 0.000000 0.000000 0.000000
11.000000 5.000000 0.015492 0.000000 0.000000 0.000000 0.000000 0.000000 0.000000
-0.000000 6.000000 0.003750 0.000000 0.000000 0.000000 0.000000 0.000000 0.000000
-0.000000 6.000000 0.011658 0.000000 0.000000 0.000000 0.000000 0.000000 0.000000
1.000000 6.000000 0.004250 0.000000 0.000000 0.000000 0.000000 0.000000 0.000000
1.000000 6.000000 0.012108 0.000000 0.000000 0.000000 0.000000 0.000000 0.000000
2.000000 6.000000 0.004750 0.000000 0.000000 0.000000 0.000000 0.000000 0.000000
2.000000 6.000000 0.012642 0.000000 0.000000 0.000000 0.000000 0.000000 0.000000
3.000000 6.000000 0.005500 0.000000 0.000000 0.000000 0.000000 0.000000 0.000000
3.000000 6.000000 0.013242 0.000000 0.000000 0.000000 0.000000 0.000000 0.000000
4.000000 6.000000 0.006000 0.000000 0.000000 0.000000 0.000000 0.000000 0.000000
4.000000 6.000000 0.014075 0.000000 0.000000 0.000000 0.000000 0.000000 0.000000
5.000000 6.000000 0.006500 0.000000 0.000000 0.000000 0.000000 0.000000 0.000000
5.000000 6.000000 0.014558 0.000000 0.000000 0.000000 0.000000 0.000000 0.000000
6.000000 6.000000 0.006750 0.000000 0.000000 0.000000 0.000000 0.000000 0.000000
6.000000 6.000000 0.014592 0.000000 0.000000 0.000000 0.000000 0.000000 0.000000
7.000000 6.000000 0.006500 0.000000 0.000000 0.000000 0.000000 0.000000 0.000000
7.000000 6.000000 0.014558 0.000000 0.000000 0.000000 0.000000 0.000000 0.000000
8.000000 6.000000 0.006750 0.000000 0.000000 0.000000 0.000000 0.000000 0.000000
8.000000 6.000000 0.014558 0.000000 0.000000 0.000000 0.000000 0.000000 0.000000
9.000000 6.000000 0.006750 0.000000 0.000000 0.000000 0.000000 0.000000 0.000000
9.000000 6.000000 0.014658 0.000000 0.000000 0.000000 0.000000 0.000000 0.000000
10.000000 6.000000 0.007000 0.000000 0.000000 0.000000 0.000000 0.000000 0.000000
10.000000 6.000000 0.015025 0.000000 0.000000 0.000000 0.000000 0.000000 0.000000
11.000000 6.000000 0.007250 0.000000 0.000000 0.000000 0.000000 0.000000 0.000000
11.000000 6.000000 0.015075 0.000000 0.000000 0.000000 0.000000 0.000000 0.000000
-0.000000 7.000000 0.003000 0.000000 0.000000 0.000000 0.000000 0.000000 0.000000
-0.000000 7.000000 0.011075 0.000000 0.000000 0.000000 0.000000 0.000000 0.000000
1.000000 7.000000 0.003250 0.000000 0.000000 0.000000 0.000000 0.000000 0.000000
1.000000 7.000000 0.011208 0.000000 0.000000 0.000000 0.000000 0.000000 0.000000
2.000000 7.000000 0.004000 0.000000 0.000000 0.000000 0.000000 0.000000 0.000000
2.000000 7.000000 0.012058 0.000000 0.000000 0.000000 0.000000 0.000000 0.000000
3.000000 7.000000 0.004750 0.000000 0.000000 0.000000 0.000000 0.000000 0.000000
3.000000 7.000000 0.012592 0.000000 0.000000 0.000000 0.000000 0.000000 0.000000
4.000000 7.000000 0.005500 0.000000 0.000000 0.000000 0.000000 0.000000 0.000000
4.000000 7.000000 0.013542 0.000000 0.000000 0.000000 0.000000 0.000000 0.000000
5.000000 7.000000 0.006000 0.000000 0.000000 0.000000 0.000000 0.000000 0.000000
5.000000 7.000000 0.014042 0.000000 0.000000 0.000000 0.000000 0.000000 0.000000
6.000000 7.000000 0.006250 0.000000 0.000000 0.000000 0.000000 0.000000 0.000000
6.000000 7.000000 0.014108 0.000000 0.000000 0.000000 0.000000 0.000000 0.000000
7.000000 7.000000 0.006250 0.000000 0.000000 0.000000 0.000000 0.000000 0.000000
7.000000 7.000000 0.014075 0.000000 0.000000 0.000000 0.000000 0.000000 0.000000
8.000000 7.000000 0.006250 0.000000 0.000000 0.000000 0.000000 0.000000 0.000000
8.000000 7.000000 0.014108 0.000000 0.000000 0.000000 0.000000 0.000000 0.000000
9.000000 7.000000 0.006500 0.000000 0.000000 0.000000 0.000000 0.000000 0.000000
9.000000 7.000000 0.014475 0.000000 0.000000 0.000000 0.000000 0.000000 0.000000
10.000000 7.000000 0.006750 0.000000 0.000000 0.000000 0.000000 0.000000 0.000000
10.000000 7.000000 0.014592 0.000000 0.000000 0.000000 0.000000 0.000000 0.000000
11.000000 7.000000 0.007000 0.000000 0.000000 0.000000 0.000000 0.000000 0.000000
11.000000 7.000000 0.015008 0.000000 0.000000 0.000000 0.000000 0.000000 0.000000
-0.000000 8.000000 0.002250 0.000000 0.000000 0.000000 0.000000 0.000000 0.000000
-0.000000 8.000000 0.010075 0.000000 0.000000 0.000000 0.000000 0.000000 0.000000
1.000000 8.000000 0.002500 0.000000 0.000000 0.000000 0.000000 0.000000 0.000000
1.000000 8.000000 0.010542 0.000000 0.000000 0.000000 0.000000 0.000000 0.000000
2.000000 8.000000 0.003250 0.000000 0.000000 0.000000 0.000000 0.000000 0.000000
2.000000 8.000000 0.011125 0.000000 0.000000 0.000000 0.000000 0.000000 0.000000
3.000000 8.000000 0.004000 0.000000 0.000000 0.000000 0.000000 0.000000 0.000000
3.000000 8.000000 0.011825 0.000000 0.000000 0.000000 0.000000 0.000000 0.000000
4.000000 8.000000 0.004750 0.000000 0.000000 0.000000 0.000000 0.000000 0.000000
4.000000 8.000000 0.012625 0.000000 0.000000 0.000000 0.000000 0.000000 0.000000
5.000000 8.000000 0.005500 0.000000 0.000000 0.000000 0.000000 0.000000 0.000000
5.000000 8.000000 0.013492 0.000000 0.000000 0.000000 0.000000 0.000000 0.000000
6.000000 8.000000 0.005500 0.000000 0.000000 0.000000 0.000000 0.000000 0.000000
6.000000 8.000000 0.013542 0.000000 0.000000 0.000000 0.000000 0.000000 0.000000
7.000000 8.000000 0.005500 0.000000 0.000000 0.000000 0.000000 0.000000 0.000000
7.000000 8.000000 0.013558 0.000000 0.000000 0.000000 0.000000 0.000000 0.000000
8.000000 8.000000 0.005750 0.000000 0.000000 0.000000 0.000000 0.000000 0.000000
8.000000 8.000000 0.013592 0.000000 0.000000 0.000000 0.000000 0.000000 0.000000
9.000000 8.000000 0.006000 0.000000 0.000000 0.000000 0.000000 0.000000 0.000000
9.000000 8.000000 0.014008 0.000000 0.000000 0.000000 0.000000 0.000000 0.000000
10.000000 8.000000 0.006250 0.000000 0.000000 0.000000 0.000000 0.000000 0.000000
10.000000 8.000000 0.014125 0.000000 0.000000 0.000000 0.000000 0.000000 0.000000
11.000000 8.000000 0.006500 0.000000 0.000000 0.000000 0.000000 0.000000 0.000000
11.000000 8.000000 0.014558 0.000000 0.000000 0.000000 0.000000 0.000000 0.000000
