-0.000000 -0.000000 -0.020250 0.000000 0.000000 0.000000 0.000000 0.000000 0.000000
-0.000000 -0.000000 -0.015108 0.000000 0.000000 0.000000 0.000000 0.000000 0.000000
1.181100 -0.000000 -0.018500 0.000000 0.000000 0.000000 0.000000 0.000000 0.000000
1.181100 -0.000000 -0.013175 0.000000 0.000000 0.000000 0.000000 0.000000 0.000000
2.362200 -0.000000 -0.015250 0.000000 0.000000 0.000000 0.000000 0.000000 0.000000
2.362200 -0.000000 -0.010192 0.000000 0.000000 0.000000 0.000000 0.000000 0.000000
3.543300 -0.000000 -0.012750 0.000000 0.000000 0.000000 0.000000 0.000000 0.000000
3.543300 -0.000000 -0.007358 0.000000 0.000000 0.000000 0.000000 0.000000 0.000000
4.724400 -0.000000 -0.008000 0.000000 0.000000 0.000000 0.000000 0.000000 0.000000
4.724400 -0.000000 -0.002842 0.000000 0.000000 0.000000 0.000000 0.000000 0.000000
5.905500 -0.000000 -0.008750 0.000000 0.000000 0.000000 0.000000 0.000000 0.000000
5.905500 -0.000000 -0.003392 0.000000 0.000000 0.000000 0.000000 0.000000 0.000000
7.086600 -0.000000 -0.011250 0.000000 0.000000 0.000000 0.000000 0.000000 0.000000
7.086600 -0.000000 -0.005892 0.000000 0.000000 0.000000 0.000000 0.000000 0.000000
8.267700 -0.000000 -0.012500 0.000000 0.000000 0.000000 0.000000 0.000000 0.000000
8.267700 -0.000000 -0.007342 0.000000 0.000000 0.000000 0.000000 0.000000 0.000000
9.448800 -0.000000 -0.012500 0.000000 0.000000 0.000000 0.000000 0.000000 0.000000
9.448800 -0.000000 -0.007342 0.000000 0.000000 0.000000 0.000000 0.000000 0.000000
10.629900 -0.000000 -0.012250 0.000000 0.000000 0.000000 0.000000 0.000000 0.000000
10.629900 -0.000000 -0.006892 0.000000 0.000000 0.000000 0.000000 0.000000 0.000000
11.811000 -0.000000 -0.010750 0.000000 0.000000 0.000000 0.000000 0.000000 0.000000
11.811000 -0.000000 -0.005425 0.000000 0.000000 0.000000 0.000000 0.000000 0.000000
12.992100 -0.000000 -0.007000 0.000000 0.000000 0.000000 0.000000 0.000000 0.000000
12.992100 -0.000000 -0.001925 0.000000 0.000000 0.000000 0.000000 0.000000 0.000000
14.173200 -0.000000 -0.005500 0.000000 0.000000 0.000000 0.000000 0.000000 0.000000
14.173200 -0.000000 -0.000025 0.000000 0.000000 0.000000 0.000000 0.000000 0.000000
15.354300 -0.000000 -0.000000 0.000000 0.000000 0.000000 0.000000 0.000000 0.000000
15.354300 -0.000000 0.005058 0.000000 0.000000 0.000000 0.000000 0.000000 0.000000
16.535400 -0.000000 -0.003500 0.000000 0.000000 0.000000 0.000000 0.000000 0.000000
16.535400 -0.000000 0.001942 0.000000 0.000000 0.000000 0.000000 0.000000 0.000000
17.716500 -0.000000 -0.005000 0.000000 0.000000 0.000000 0.000000 0.000000 0.000000
17.716500 -0.000000 0.000092 0.000000 0.000000 0.000000 0.000000 0.000000 0.000000
18.897600 -0.000000 -0.006250 0.000000 0.000000 0.000000 0.000000 0.000000 0.000000
18.897600 -0.000000 -0.000992 0.000000 0.000000 0.000000 0.000000 0.000000 0.000000
20.078700 -0.000000 -0.008000 0.000000 0.000000 0.000000 0.000000 0.000000 0.000000
20.078700 -0.000000 -0.002792 0.000000 0.000000 0.000000 0.000000 0.000000 0.000000
21.259800 -0.000000 -0.007500 0.000000 0.000000 0.000000 0.000000 0.000000 0.000000
21.259800 -0.000000 -0.002325 0.000000 0.000000 0.000000 0.000000 0.000000 0.000000
22.440900 -0.000000 -0.005500 0.000000 0.000000 0.000000 0.000000 0.000000 0.000000
22.440900 -0.000000 -0.000425 0.000000 0.000000 0.000000 0.000000 0.000000 0.000000
23.622000 -0.000000 -0.003000 0.000000 0.000000 0.000000 0.000000 0.000000 0.000000
23.622000 -0.000000 0.002092 0.000000 0.000000 0.000000 0.000000 0.000000 0.000000
24.803100 -0.000000 -0.001000 0.000000 0.000000 0.000000 0.000000 0.000000 0.000000
24.803100 -0.000000 0.004042 0.000000 0.000000 0.000000 0.000000 0.000000 0.000000
25.984200 -0.000000 0.007000 0.000000 0.000000 0.000000 0.000000 0.000000 0.000000
25.984200 -0.000000 0.012292 0.000000 0.000000 0.000000 0.000000 0.000000 0.000000
27.165300 -0.000000 0.003250 0.000000 0.000000 0.000000 0.000000 0.000000 0.000000
27.165300 -0.000000 0.008808 0.000000 0.000000 0.000000 0.000000 0.000000 0.000000
28.346400 -0.000000 0.001500 0.000000 0.000000 0.000000 0.000000 0.000000 0.000000
28.346400 -0.000000 0.006475 0.000000 0.000000 0.000000 0.000000 0.000000 0.000000
29.527500 -0.000000 -0.000250 0.000000 0.000000 0.000000 0.000000 0.000000 0.000000
29.527500 -0.000000 0.004908 0.000000 0.000000 0.000000 0.000000 0.000000 0.000000
30.708600 -0.000000 -0.003000 0.000000 0.000000 0.000000 0.000000 0.000000 0.000000
30.708600 -0.000000 0.002075 0.000000 0.000000 0.000000 0.000000 0.000000 0.000000
31.889700 -0.000000 -0.004000 0.000000 0.000000 0.000000 0.000000 0.000000 0.000000
31.889700 -0.000000 0.001442 0.000000 0.000000 0.000000 0.000000 0.000000 0.000000
33.070800 -0.000000 -0.004750 0.000000 0.000000 0.000000 0.000000 0.000000 0.000000
33.070800 -0.000000 0.000492 0.000000 0.000000 0.000000 0.000000 0.000000 0.000000
34.251900 -0.000000 -0.004750 0.000000 0.000000 0.000000 0.000000 0.000000 0.000000
34.251900 -0.000000 0.000525 0.000000 0.000000 0.000000 0.000000 0.000000 0.000000
35.433000 -0.000000 -0.004000 0.000000 0.000000 0.000000 0.000000 0.000000 0.000000
35.433000 -0.000000 0.001442 0.000000 0.000000 0.000000 0.000000 0.000000 0.000000
36.614100 -0.000000 -0.001500 0.000000 0.000000 0.000000 0.000000 0.000000 0.000000
36.614100 -0.000000 0.003925 0.000000 0.000000 0.000000 0.000000 0.000000 0.000000
37.795200 -0.000000 -0.006000 0.000000 0.000000 0.000000 0.000000 0.000000 0.000000
37.795200 -0.000000 -0.000925 0.000000 0.000000 0.000000 0.000000 0.000000 0.000000
38.976300 -0.000000 -0.009000 0.000000 0.000000 0.000000 0.000000 0.000000 0.000000
38.976300 -0.000000 -0.003892 0.000000 0.000000 0.000000 0.000000 0.000000 0.000000
40.157400 -0.000000 -0.013250 0.000000 0.000000 0.000000 0.000000 0.000000 0.000000
40.157400 -0.000000 -0.007858 0.000000 0.000000 0.000000 0.000000 0.000000 0.000000
-0.000000 1.181100 -0.019000 0.000000 0.000000 0.000000 0.000000 0.000000 0.000000
-0.000000 1.181100 -0.013642 0.000000 0.000000 0.000000 0.000000 0.000000 0.000000
1.181100 1.181100 -0.017000 0.000000 0.000000 0.000000 0.000000 0.000000 0.000000
1.181100 1.181100 -0.011725 0.000000 0.000000 0.000000 0.000000 0.000000 0.000000
2.362200 1.181100 -0.013750 0.000000 0.000000 0.000000 0.000000 0.000000 0.000000
2.362200 1.181100 -0.008325 0.000000 0.000000 0.000000 0.000000 0.000000 0.000000
3.543300 1.181100 -0.011000 0.000000 0.000000 0.000000 0.000000 0.000000 0.000000
3.543300 1.181100 -0.005808 0.000000 0.000000 0.000000 0.000000 0.000000 0.000000
4.724400 1.181100 -0.006250 0.000000 0.000000 0.000000 0.000000 0.000000 0.000000
4.724400 1.181100 -0.000958 0.000000 0.000000 0.000000 0.000000 0.000000 0.000000
5.905500 1.181100 -0.006000 0.000000 0.000000 0.000000 0.000000 0.000000 0.000000
5.905500 1.181100 -0.000875 0.000000 0.000000 0.000000 0.000000 0.000000 0.000000
7.086600 1.181100 -0.009000 0.000000 0.000000 0.000000 0.000000 0.000000 0.000000
7.086600 1.181100 -0.003808 0.000000 0.000000 0.000000 0.000000 0.000000 0.000000
8.267700 1.181100 -0.010750 0.000000 0.000000 0.000000 0.000000 0.000000 0.000000
8.267700 1.181100 -0.005475 0.000000 0.000000 0.000000 0.000000 0.000000 0.000000
9.448800 1.181100 -0.011000 0.000000 0.000000 0.000000 0.000000 0.000000 0.000000
9.448800 1.181100 -0.005792 0.000000 0.000000 0.000000 0.000000 0.000000 0.000000
10.629900 1.181100 -0.010750 0.000000 0.000000 0.000000 0.000000 0.000000 0.000000
10.629900 1.181100 -0.005375 0.000000 0.000000 0.000000 0.000000 0.000000 0.000000
11.811000 1.181100 -0.009000 0.000000 0.000000 0.000000 0.000000 0.000000 0.000000
11.811000 1.181100 -0.003892 0.000000 0.000000 0.000000 0.000000 0.000000 0.000000
12.992100 1.181100 -0.005250 0.000000 0.000000 0.000000 0.000000 0.000000 0.000000
12.992100 1.181100 -0.000008 0.000000 0.000000 0.000000 0.000000 0.000000 0.000000
14.173200 1.181100 -0.003750 0.000000 0.000000 0.000000 0.000000 0.000000 0.000000
14.173200 1.181100 0.001558 0.000000 0.000000 0.000000 0.000000 0.000000 0.000000
15.354300 1.181100 0.001250 0.000000 0.000000 0.000000 0.000000 0.000000 0.000000
15.354300 1.181100 0.006542 0.000000 0.000000 0.000000 0.000000 0.000000 0.000000
16.535400 1.181100 -0.001250 0.000000 0.000000 0.000000 0.000000 0.000000 0.000000
16.535400 1.181100 0.003892 0.000000 0.000000 0.000000 0.000000 0.000000 0.000000
17.716500 1.181100 -0.003250 0.000000 0.000000 0.000000 0.000000 0.000000 0.000000
17.716500 1.181100 0.002042 0.000000 0.000000 0.000000 0.000000 0.000000 0.000000
18.897600 1.181100 -0.004500 0.000000 0.000000 0.000000 0.000000 0.000000 0.000000
18.897600 1.181100 0.000942 0.000000 0.000000 0.000000 0.000000 0.000000 0.000000
20.078700 1.181100 -0.006000 0.000000 0.000000 0.000000 0.000000 0.000000 0.000000
20.078700 1.181100 -0.000858 0.000000 0.000000 0.000000 0.000000 0.000000 0.000000
21.259800 1.181100 -0.005500 0.000000 0.000000 0.000000 0.000000 0.000000 0.000000
21.259800 1.181100 -0.000142 0.000000 0.000000 0.000000 0.000000 0.000000 0.000000
22.440900 1.181100 -0.003750 0.000000 0.000000 0.000000 0.000000 0.000000 0.000000
22.440900 1.181100 0.001492 0.000000 0.000000 0.000000 0.000000 0.000000 0.000000
23.622000 1.181100 -0.001250 0.000000 0.000000 0.000000 0.000000 0.000000 0.000000
23.622000 1.181100 0.003942 0.000000 0.000000 0.000000 0.000000 0.000000 0.000000
24.803100 1.181100 0.000500 0.000000 0.000000 0.000000 0.000000 0.000000 0.000000
24.803100 1.181100 0.005892 0.000000 0.000000 0.000000 0.000000 0.000000 0.000000
25.984200 1.181100 0.008500 0.000000 0.000000 0.000000 0.000000 0.000000 0.000000
25.984200 1.181100 0.013708 0.000000 0.000000 0.000000 0.000000 0.000000 0.000000
27.165300 1.181100 0.005000 0.000000 0.000000 0.000000 0.000000 0.000000 0.000000
27.165300 1.181100 0.010342 0.000000 0.000000 0.000000 0.000000 0.000000 0.000000
28.346400 1.181100 0.002750 0.000000 0.000000 0.000000 0.000000 0.000000 0.000000
28.346400 1.181100 0.007925 0.000000 0.000000 0.000000 0.000000 0.000000 0.000000
29.527500 1.181100 0.000500 0.000000 0.000000 0.000000 0.000000 0.000000 0.000000
29.527500 1.181100 0.005892 0.000000 0.000000 0.000000 0.000000 0.000000 0.000000
30.708600 1.181100 -0.002000 0.000000 0.000000 0.000000 0.000000 0.000000 0.000000
30.708600 1.181100 0.003392 0.000000 0.000000 0.000000 0.000000 0.000000 0.000000
31.889700 1.181100 -0.003250 0.000000 0.000000 0.000000 0.000000 0.000000 0.000000
31.889700 1.181100 0.002075 0.000000 0.000000 0.000000 0.000000 0.000000 0.000000
33.070800 1.181100 -0.004250 0.000000 0.000000 0.000000 0.000000 0.000000 0.000000
33.070800 1.181100 0.001075 0.000000 0.000000 0.000000 0.000000 0.000000 0.000000
34.251900 1.181100 -0.004000 0.000000 0.000000 0.000000 0.000000 0.000000 0.000000
34.251900 1.181100 0.001392 0.000000 0.000000 0.000000 0.000000 0.000000 0.000000
35.433000 1.181100 -0.003000 0.000000 0.000000 0.000000 0.000000 0.000000 0.000000
35.433000 1.181100 0.002475 0.000000 0.000000 0.000000 0.000000 0.000000 0.000000
36.614100 1.181100 0.000250 0.000000 0.000000 0.000000 0.000000 0.000000 0.000000
36.614100 1.181100 0.005442 0.000000 0.000000 0.000000 0.000000 0.000000 0.000000
37.795200 1.181100 -0.005250 0.000000 0.000000 0.000000 0.000000 0.000000 0.000000
37.795200 1.181100 0.000008 0.000000 0.000000 0.000000 0.000000 0.000000 0.000000
38.976300 1.181100 -0.008250 0.000000 0.000000 0.000000 0.000000 0.000000 0.000000
38.976300 1.181100 -0.002908 0.000000 0.000000 0.000000 0.000000 0.000000 0.000000
40.157400 1.181100 -0.012500 0.000000 0.000000 0.000000 0.000000 0.000000 0.000000
40.157400 1.181100 -0.007308 0.000000 0.000000 0.000000 0.000000 0.000000 0.000000
0.000000 2.362200 -0.017750 0.000000 0.000000 0.000000 0.000000 0.000000 0.000000
0.000000 2.362200 -0.012275 0.000000 0.000000 0.000000 0.000000 0.000000 0.000000
1.181100 2.362200 -0.015750 0.000000 0.000000 0.000000 0.000000 0.000000 0.000000
1.181100 2.362200 -0.010358 0.000000 0.000000 0.000000 0.000000 0.000000 0.000000
2.362200 2.362200 -0.012250 0.000000 0.000000 0.000000 0.000000 0.000000 0.000000
2.362200 2.362200 -0.006892 0.000000 0.000000 0.000000 0.000000 0.000000 0.000000
3.543300 2.362200 -0.009500 0.000000 0.000000 0.000000 0.000000 0.000000 0.000000
3.543300 2.362200 -0.004358 0.000000 0.000000 0.000000 0.000000 0.000000 0.000000
4.724400 2.362200 -0.004750 0.000000 0.000000 0.000000 0.000000 0.000000 0.000000
4.724400 2.362200 0.000525 0.000000 0.000000 0.000000 0.000000 0.000000 0.000000
5.905500 2.362200 -0.003500 0.000000 0.000000 0.000000 0.000000 0.000000 0.000000
5.905500 2.362200 0.001925 0.000000 0.000000 0.000000 0.000000 0.000000 0.000000
7.086600 2.362200 -0.006750 0.000000 0.000000 0.000000 0.000000 0.000000 0.000000
7.086600 2.362200 -0.001492 0.000000 0.000000 0.000000 0.000000 0.000000 0.000000
8.267700 2.362200 -0.009000 0.000000 0.000000 0.000000 0.000000 0.000000 0.000000
8.267700 2.362200 -0.003892 0.000000 0.000000 0.000000 0.000000 0.000000 0.000000
9.448800 2.362200 -0.009250 0.000000 0.000000 0.000000 0.000000 0.000000 0.000000
9.448800 2.362200 -0.004292 0.000000 0.000000 0.000000 0.000000 0.000000 0.000000
10.629900 2.362200 -0.009000 0.000000 0.000000 0.000000 0.000000 0.000000 0.000000
10.629900 2.362200 -0.003875 0.000000 0.000000 0.000000 0.000000 0.000000 0.000000
11.811000 2.362200 -0.007750 0.000000 0.000000 0.000000 0.000000 0.000000 0.000000
11.811000 2.362200 -0.002425 0.000000 0.000000 0.000000 0.000000 0.000000 0.000000
12.992100 2.362200 -0.004000 0.000000 0.000000 0.000000 0.000000 0.000000 0.000000
12.992100 2.362200 0.001458 0.000000 0.000000 0.000000 0.000000 0.000000 0.000000
14.173200 2.362200 -0.002000 0.000000 0.000000 0.000000 0.000000 0.000000 0.000000
14.173200 2.362200 0.003042 0.000000 0.000000 0.000000 0.000000 0.000000 0.000000
15.354300 2.362200 0.002750 0.000000 0.000000 0.000000 0.000000 0.000000 0.000000
15.354300 2.362200 0.007975 0.000000 0.000000 0.000000 0.000000 0.000000 0.000000
16.535400 2.362200 0.000250 0.000000 0.000000 0.000000 0.000000 0.000000 0.000000
16.535400 2.362200 0.005408 0.000000 0.000000 0.000000 0.000000 0.000000 0.000000
17.716500 2.362200 -0.001500 0.000000 0.000000 0.000000 0.000000 0.000000 0.000000
17.716500 2.362200 0.003492 0.000000 0.000000 0.000000 0.000000 0.000000 0.000000
18.897600 2.362200 -0.002750 0.000000 0.000000 0.000000 0.000000 0.000000 0.000000
18.897600 2.362200 0.002458 0.000000 0.000000 0.000000 0.000000 0.000000 0.000000
20.078700 2.362200 -0.004500 0.000000 0.000000 0.000000 0.000000 0.000000 0.000000
20.078700 2.362200 0.000625 0.000000 0.000000 0.000000 0.000000 0.000000 0.000000
21.259800 2.362200 -0.004000 0.000000 0.000000 0.000000 0.000000 0.000000 0.000000
21.259800 2.362200 0.001092 0.000000 0.000000 0.000000 0.000000 0.000000 0.000000
22.440900 2.362200 -0.002250 0.000000 0.000000 0.000000 0.000000 0.000000 0.000000
22.440900 2.362200 0.002942 0.000000 0.000000 0.000000 0.000000 0.000000 0.000000
23.622000 2.362200 0.000250 0.000000 0.000000 0.000000 0.000000 0.000000 0.000000
23.622000 2.362200 0.005458 0.000000 0.000000 0.000000 0.000000 0.000000 0.000000
24.803100 2.362200 0.002000 0.000000 0.000000 0.000000 0.000000 0.000000 0.000000
24.803100 2.362200 0.007342 0.000000 0.000000 0.000000 0.000000 0.000000 0.000000
25.984200 2.362200 0.009750 0.000000 0.000000 0.000000 0.000000 0.000000 0.000000
25.984200 2.362200 0.014842 0.000000 0.000000 0.000000 0.000000 0.000000 0.000000
27.165300 2.362200 0.006500 0.000000 0.000000 0.000000 0.000000 0.000000 0.000000
27.165300 2.362200 0.011825 0.000000 0.000000 0.000000 0.000000 0.000000 0.000000
28.346400 2.362200 0.004000 0.000000 0.000000 0.000000 0.000000 0.000000 0.000000
28.346400 2.362200 0.009292 0.000000 0.000000 0.000000 0.000000 0.000000 0.000000
29.527500 2.362200 0.001500 0.000000 0.000000 0.000000 0.000000 0.000000 0.000000
29.527500 2.362200 0.006858 0.000000 0.000000 0.000000 0.000000 0.000000 0.000000
30.708600 2.362200 -0.001000 0.000000 0.000000 0.000000 0.000000 0.000000 0.000000
30.708600 2.362200 0.004025 0.000000 0.000000 0.000000 0.000000 0.000000 0.000000
31.889700 2.362200 -0.002500 0.000000 0.000000 0.000000 0.000000 0.000000 0.000000
31.889700 2.362200 0.002925 0.000000 0.000000 0.000000 0.000000 0.000000 0.000000
33.070800 2.362200 -0.003750 0.000000 0.000000 0.000000 0.000000 0.000000 0.000000
33.070800 2.362200 0.001542 0.000000 0.000000 0.000000 0.000000 0.000000 0.000000
34.251900 2.362200 -0.003500 0.000000 0.000000 0.000000 0.000000 0.000000 0.000000
34.251900 2.362200 0.001542 0.000000 0.000000 0.000000 0.000000 0.000000 0.000000
35.433000 2.362200 -0.002000 0.000000 0.000000 0.000000 0.000000 0.000000 0.000000
35.433000 2.362200 0.003042 0.000000 0.000000 0.000000 0.000000 0.000000 0.000000
36.614100 2.362200 0.000750 0.000000 0.000000 0.000000 0.000000 0.000000 0.000000
36.614100 2.362200 0.005875 0.000000 0.000000 0.000000 0.000000 0.000000 0.000000
37.795200 2.362200 -0.004750 0.000000 0.000000 0.000000 0.000000 0.000000 0.000000
37.795200 2.362200 0.000492 0.000000 0.000000 0.000000 0.000000 0.000000 0.000000
38.976300 2.362200 -0.007500 0.000000 0.000000 0.000000 0.000000 0.000000 0.000000
38.976300 2.362200 -0.002392 0.000000 0.000000 0.000000 0.000000 0.000000 0.000000
40.157400 2.362200 -0.011750 0.000000 0.000000 0.000000 0.000000 0.000000 0.000000
40.157400 2.362200 -0.006475 0.000000 0.000000 0.000000 0.000000 0.000000 0.000000
0.000000 3.543300 -0.016750 0.000000 0.000000 0.000000 0.000000 0.000000 0.000000
0.000000 3.543300 -0.011292 0.000000 0.000000 0.000000 0.000000 0.000000 0.000000
1.181100 3.543300 -0.014750 0.000000 0.000000 0.000000 0.000000 0.000000 0.000000
1.181100 3.543300 -0.009692 0.000000 0.000000 0.000000 0.000000 0.000000 0.000000
2.362200 3.543300 -0.011250 0.000000 0.000000 0.000000 0.000000 0.000000 0.000000
2.362200 3.543300 -0.005875 0.000000 0.000000 0.000000 0.000000 0.000000 0.000000
3.543300 3.543300 -0.008500 0.000000 0.000000 0.000000 0.000000 0.000000 0.000000
3.543300 3.543300 -0.003358 0.000000 0.000000 0.000000 0.000000 0.000000 0.000000
4.724400 3.543300 -0.003750 0.000000 0.000000 0.000000 0.000000 0.000000 0.000000
4.724400 3.543300 0.001542 0.000000 0.000000 0.000000 0.000000 0.000000 0.000000
5.905500 3.543300 -0.001250 0.000000 0.000000 0.000000 0.000000 0.000000 0.000000
5.905500 3.543300 0.003975 0.000000 0.000000 0.000000 0.000000 0.000000 0.000000
7.086600 3.543300 -0.005000 0.000000 0.000000 0.000000 0.000000 0.000000 0.000000
7.086600 3.543300 0.000108 0.000000 0.000000 0.000000 0.000000 0.000000 0.000000
8.267700 3.543300 -0.007750 0.000000 0.000000 0.000000 0.000000 0.000000 0.000000
8.267700 3.543300 -0.002408 0.000000 0.000000 0.000000 0.000000 0.000000 0.000000
9.448800 3.543300 -0.008250 0.000000 0.000000 0.000000 0.000000 0.000000 0.000000
9.448800 3.543300 -0.002942 0.000000 0.000000 0.000000 0.000000 0.000000 0.000000
10.629900 3.543300 -0.008000 0.000000 0.000000 0.000000 0.000000 0.000000 0.000000
10.629900 3.543300 -0.002858 0.000000 0.000000 0.000000 0.000000 0.000000 0.000000
11.811000 3.543300 -0.006500 0.000000 0.000000 0.000000 0.000000 0.000000 0.000000
11.811000 3.543300 -0.001325 0.000000 0.000000 0.000000 0.000000 0.000000 0.000000
12.992100 3.543300 -0.002500 0.000000 0.000000 0.000000 0.000000 0.000000 0.000000
12.992100 3.543300 0.002575 0.000000 0.000000 0.000000 0.000000 0.000000 0.000000
14.173200 3.543300 -0.000750 0.000000 0.000000 0.000000 0.000000 0.000000 0.000000
14.173200 3.543300 0.004442 0.000000 0.000000 0.000000 0.000000 0.000000 0.000000
15.354300 3.543300 0.004000 0.000000 0.000000 0.000000 0.000000 0.000000 0.000000
15.354300 3.543300 0.009392 0.000000 0.000000 0.000000 0.000000 0.000000 0.000000
16.535400 3.543300 0.001500 0.000000 0.000000 0.000000 0.000000 0.000000 0.000000
16.535400 3.543300 0.006825 0.000000 0.000000 0.000000 0.000000 0.000000 0.000000
17.716500 3.543300 -0.000250 0.000000 0.000000 0.000000 0.000000 0.000000 0.000000
17.716500 3.543300 0.004925 0.000000 0.000000 0.000000 0.000000 0.000000 0.000000
18.897600 3.543300 -0.001500 0.000000 0.000000 0.000000 0.000000 0.000000 0.000000
18.897600 3.543300 0.003542 0.000000 0.000000 0.000000 0.000000 0.000000 0.000000
20.078700 3.543300 -0.003250 0.000000 0.000000 0.000000 0.000000 0.000000 0.000000
20.078700 3.543300 0.002008 0.000000 0.000000 0.000000 0.000000 0.000000 0.000000
21.259800 3.543300 -0.003000 0.000000 0.000000 0.000000 0.000000 0.000000 0.000000
21.259800 3.543300 0.002475 0.000000 0.000000 0.000000 0.000000 0.000000 0.000000
22.440900 3.543300 -0.001000 0.000000 0.000000 0.000000 0.000000 0.000000 0.000000
22.440900 3.543300 0.004025 0.000000 0.000000 0.000000 0.000000 0.000000 0.000000
23.622000 3.543300 0.001500 0.000000 0.000000 0.000000 0.000000 0.000000 0.000000
23.622000 3.543300 0.006858 0.000000 0.000000 0.000000 0.000000 0.000000 0.000000
24.803100 3.543300 0.003000 0.000000 0.000000 0.000000 0.000000 0.000000 0.000000
24.803100 3.543300 0.008408 0.000000 0.000000 0.000000 0.000000 0.000000 0.000000
25.984200 3.543300 0.011000 0.000000 0.000000 0.000000 0.000000 0.000000 0.000000
25.984200 3.543300 0.016275 0.000000 0.000000 0.000000 0.000000 0.000000 0.000000
27.165300 3.543300 0.008000 0.000000 0.000000 0.000000 0.000000 0.000000 0.000000
27.165300 3.543300 0.013242 0.000000 0.000000 0.000000 0.000000 0.000000 0.000000
28.346400 3.543300 0.005000 0.000000 0.000000 0.000000 0.000000 0.000000 0.000000
28.346400 3.543300 0.010358 0.000000 0.000000 0.000000 0.000000 0.000000 0.000000
29.527500 3.543300 0.002250 0.000000 0.000000 0.000000 0.000000 0.000000 0.000000
29.527500 3.543300 0.007458 0.000000 0.000000 0.000000 0.000000 0.000000 0.000000
30.708600 3.543300 -0.000250 0.000000 0.000000 0.000000 0.000000 0.000000 0.000000
30.708600 3.543300 0.004892 0.000000 0.000000 0.000000 0.000000 0.000000 0.000000
31.889700 3.543300 -0.002000 0.000000 0.000000 0.000000 0.000000 0.000000 0.000000
31.889700 3.543300 0.003425 0.000000 0.000000 0.000000 0.000000 0.000000 0.000000
33.070800 3.543300 -0.003250 0.000000 0.000000 0.000000 0.000000 0.000000 0.000000
33.070800 3.543300 0.001975 0.000000 0.000000 0.000000 0.000000 0.000000 0.000000
34.251900 3.543300 -0.003500 0.000000 0.000000 0.000000 0.000000 0.000000 0.000000
34.251900 3.543300 0.001958 0.000000 0.000000 0.000000 0.000000 0.000000 0.000000
35.433000 3.543300 -0.001500 0.000000 0.000000 0.000000 0.000000 0.000000 0.000000
35.433000 3.543300 0.003508 0.000000 0.000000 0.000000 0.000000 0.000000 0.000000
36.614100 3.543300 0.000750 0.000000 0.000000 0.000000 0.000000 0.000000 0.000000
36.614100 3.543300 0.005992 0.000000 0.000000 0.000000 0.000000 0.000000 0.000000
37.795200 3.543300 -0.004500 0.000000 0.000000 0.000000 0.000000 0.000000 0.000000
37.795200 3.543300 0.000958 0.000000 0.000000 0.000000 0.000000 0.000000 0.000000
38.976300 3.543300 -0.007250 0.000000 0.000000 0.000000 0.000000 0.000000 0.000000
38.976300 3.543300 -0.001942 0.000000 0.000000 0.000000 0.000000 0.000000 0.000000
40.157400 3.543300 -0.011500 0.000000 0.000000 0.000000 0.000000 0.000000 0.000000
40.157400 3.543300 -0.006358 0.000000 0.000000 0.000000 0.000000 0.000000 0.000000
0.000000 4.724400 -0.016000 0.000000 0.000000 0.000000 0.000000 0.000000 0.000000
0.000000 4.724400 -0.010725 0.000000 0.000000 0.000000 0.000000 0.000000 0.000000
1.181100 4.724400 -0.014250 0.000000 0.000000 0.000000 0.000000 0.000000 0.000000
1.181100 4.724400 -0.008792 0.000000 0.000000 0.000000 0.000000 0.000000 0.000000
2.362200 4.724400 -0.010500 0.000000 0.000000 0.000000 0.000000 0.000000 0.000000
2.362200 4.724400 -0.005342 0.000000 0.000000 0.000000 0.000000 0.000000 0.000000
3.543300 4.724400 -0.008000 0.000000 0.000000 0.000000 0.000000 0.000000 0.000000
3.543300 4.724400 -0.002492 0.000000 0.000000 0.000000 0.000000 0.000000 0.000000
4.724400 4.724400 -0.003000 0.000000 0.000000 0.000000 0.000000 0.000000 0.000000
4.724400 4.724400 0.002475 0.000000 0.000000 0.000000 0.000000 0.000000 0.000000
5.905500 4.724400 0.000500 0.000000 0.000000 0.000000 0.000000 0.000000 0.000000
5.905500 4.724400 0.005892 0.000000 0.000000 0.000000 0.000000 0.000000 0.000000
7.086600 4.724400 -0.003750 0.000000 0.000000 0.000000 0.000000 0.000000 0.000000
7.086600 4.724400 0.001575 0.000000 0.000000 0.000000 0.000000 0.000000 0.000000
8.267700 4.724400 -0.006500 0.000000 0.000000 0.000000 0.000000 0.000000 0.000000
8.267700 4.724400 -0.001392 0.000000 0.000000 0.000000 0.000000 0.000000 0.000000
9.448800 4.724400 -0.007500 0.000000 0.000000 0.000000 0.000000 0.000000 0.000000
9.448800 4.724400 -0.002008 0.000000 0.000000 0.000000 0.000000 0.000000 0.000000
10.629900 4.724400 -0.007250 0.000000 0.000000 0.000000 0.000000 0.000000 0.000000
10.629900 4.724400 -0.001925 0.000000 0.000000 0.000000 0.000000 0.000000 0.000000
11.811000 4.724400 -0.005750 0.000000 0.000000 0.000000 0.000000 0.000000 0.000000
11.811000 4.724400 -0.000442 0.000000 0.000000 0.000000 0.000000 0.000000 0.000000
12.992100 4.724400 -0.001750 0.000000 0.000000 0.000000 0.000000 0.000000 0.000000
12.992100 4.724400 0.003492 0.000000 0.000000 0.000000 0.000000 0.000000 0.000000
14.173200 4.724400 0.000000 0.000000 0.000000 0.000000 0.000000 0.000000 0.000000
14.173200 4.724400 0.005025 0.000000 0.000000 0.000000 0.000000 0.000000 0.000000
15.354300 4.724400 0.005000 0.000000 0.000000 0.000000 0.000000 0.000000 0.000000
15.354300 4.724400 0.010325 0.000000 0.000000 0.000000 0.000000 0.000000 0.000000
16.535400 4.724400 0.002250 0.000000 0.000000 0.000000 0.000000 0.000000 0.000000
16.535400 4.724400 0.007492 0.000000 0.000000 0.000000 0.000000 0.000000 0.000000
17.716500 4.724400 0.000500 0.000000 0.000000 0.000000 0.000000 0.000000 0.000000
17.716500 4.724400 0.005525 0.000000 0.000000 0.000000 0.000000 0.000000 0.000000
18.897600 4.724400 -0.000750 0.000000 0.000000 0.000000 0.000000 0.000000 0.000000
18.897600 4.724400 0.004442 0.000000 0.000000 0.000000 0.000000 0.000000 0.000000
20.078700 4.724400 -0.002500 0.000000 0.000000 0.000000 0.000000 0.000000 0.000000
20.078700 4.724400 0.002925 0.000000 0.000000 0.000000 0.000000 0.000000 0.000000
21.259800 4.724400 -0.002000 0.000000 0.000000 0.000000 0.000000 0.000000 0.000000
21.259800 4.724400 0.003092 0.000000 0.000000 0.000000 0.000000 0.000000 0.000000
22.440900 4.724400 -0.000250 0.000000 0.000000 0.000000 0.000000 0.000000 0.000000
22.440900 4.724400 0.004942 0.000000 0.000000 0.000000 0.000000 0.000000 0.000000
23.622000 4.724400 0.002250 0.000000 0.000000 0.000000 0.000000 0.000000 0.000000
23.622000 4.724400 0.007442 0.000000 0.000000 0.000000 0.000000 0.000000 0.000000
24.803100 4.724400 0.003750 0.000000 0.000000 0.000000 0.000000 0.000000 0.000000
24.803100 4.724400 0.009292 0.000000 0.000000 0.000000 0.000000 0.000000 0.000000
25.984200 4.724400 0.011250 0.000000 0.000000 0.000000 0.000000 0.000000 0.000000
25.984200 4.724400 0.016658 0.000000 0.000000 0.000000 0.000000 0.000000 0.000000
27.165300 4.724400 0.009000 0.000000 0.000000 0.000000 0.000000 0.000000 0.000000
27.165300 4.724400 0.014258 0.000000 0.000000 0.000000 0.000000 0.000000 0.000000
28.346400 4.724400 0.006250 0.000000 0.000000 0.000000 0.000000 0.000000 0.000000
28.346400 4.724400 0.011358 0.000000 0.000000 0.000000 0.000000 0.000000 0.000000
29.527500 4.724400 0.003250 0.000000 0.000000 0.000000 0.000000 0.000000 0.000000
29.527500 4.724400 0.008458 0.000000 0.000000 0.000000 0.000000 0.000000 0.000000
30.708600 4.724400 0.000250 0.000000 0.000000 0.000000 0.000000 0.000000 0.000000
30.708600 4.724400 0.005425 0.000000 0.000000 0.000000 0.000000 0.000000 0.000000
31.889700 4.724400 -0.001500 0.000000 0.000000 0.000000 0.000000 0.000000 0.000000
31.889700 4.724400 0.003908 0.000000 0.000000 0.000000 0.000000 0.000000 0.000000
33.070800 4.724400 -0.003250 0.000000 0.000000 0.000000 0.000000 0.000000 0.000000
33.070800 4.724400 0.002058 0.000000 0.000000 0.000000 0.000000 0.000000 0.000000
34.251900 4.724400 -0.003250 0.000000 0.000000 0.000000 0.000000 0.000000 0.000000
34.251900 4.724400 0.002008 0.000000 0.000000 0.000000 0.000000 0.000000 0.000000
35.433000 4.724400 -0.001500 0.000000 0.000000 0.000000 0.000000 0.000000 0.000000
35.433000 4.724400 0.003892 0.000000 0.000000 0.000000 0.000000 0.000000 0.000000
36.614100 4.724400 0.000750 0.000000 0.000000 0.000000 0.000000 0.000000 0.000000
36.614100 4.724400 0.005942 0.000000 0.000000 0.000000 0.000000 0.000000 0.000000
37.795200 4.724400 -0.004250 0.000000 0.000000 0.000000 0.000000 0.000000 0.000000
37.795200 4.724400 0.000958 0.000000 0.000000 0.000000 0.000000 0.000000 0.000000
38.976300 4.724400 -0.007000 0.000000 0.000000 0.000000 0.000000 0.000000 0.000000
38.976300 4.724400 -0.001908 0.000000 0.000000 0.000000 0.000000 0.000000 0.000000
40.157400 4.724400 -0.011500 0.000000 0.000000 0.000000 0.000000 0.000000 0.000000
40.157400 4.724400 -0.006408 0.000000 0.000000 0.000000 0.000000 0.000000 0.000000
0.000000 5.905500 -0.015500 0.000000 0.000000 0.000000 0.000000 0.000000 0.000000
0.000000 5.905500 -0.010258 0.000000 0.000000 0.000000 0.000000 0.000000 0.000000
1.181100 5.905500 -0.013750 0.000000 0.000000 0.000000 0.000000 0.000000 0.000000
1.181100 5.905500 -0.008308 0.000000 0.000000 0.000000 0.000000 0.000000 0.000000
2.362200 5.905500 -0.010000 0.000000 0.000000 0.000000 0.000000 0.000000 0.000000
2.362200 5.905500 -0.004858 0.000000 0.000000 0.000000 0.000000 0.000000 0.000000
3.543300 5.905500 -0.007500 0.000000 0.000000 0.000000 0.000000 0.000000 0.000000
3.543300 5.905500 -0.002342 0.000000 0.000000 0.000000 0.000000 0.000000 0.000000
4.724400 5.905500 -0.002250 0.000000 0.000000 0.000000 0.000000 0.000000 0.000000
4.724400 5.905500 0.003008 0.000000 0.000000 0.000000 0.000000 0.000000 0.000000
5.905500 5.905500 0.001750 0.000000 0.000000 0.000000 0.000000 0.000000 0.000000
5.905500 5.905500 0.006992 0.000000 0.000000 0.000000 0.000000 0.000000 0.000000
7.086600 5.905500 -0.002500 0.000000 0.000000 0.000000 0.000000 0.000000 0.000000
7.086600 5.905500 0.002575 0.000000 0.000000 0.000000 0.000000 0.000000 0.000000
8.267700 5.905500 -0.005750 0.000000 0.000000 0.000000 0.000000 0.000000 0.000000
8.267700 5.905500 -0.000475 0.000000 0.000000 0.000000 0.000000 0.000000 0.000000
9.448800 5.905500 -0.006750 0.000000 0.000000 0.000000 0.000000 0.000000 0.000000
9.448800 5.905500 -0.001475 0.000000 0.000000 0.000000 0.000000 0.000000 0.000000
10.629900 5.905500 -0.006750 0.000000 0.000000 0.000000 0.000000 0.000000 0.000000
10.629900 5.905500 -0.001425 0.000000 0.000000 0.000000 0.000000 0.000000 0.000000
11.811000 5.905500 -0.005000 0.000000 0.000000 0.000000 0.000000 0.000000 0.000000
11.811000 5.905500 0.000092 0.000000 0.000000 0.000000 0.000000 0.000000 0.000000
12.992100 5.905500 -0.001250 0.000000 0.000000 0.000000 0.000000 0.000000 0.000000
12.992100 5.905500 0.003975 0.000000 0.000000 0.000000 0.000000 0.000000 0.000000
14.173200 5.905500 0.000500 0.000000 0.000000 0.000000 0.000000 0.000000 0.000000
14.173200 5.905500 0.005508 0.000000 0.000000 0.000000 0.000000 0.000000 0.000000
15.354300 5.905500 0.005500 0.000000 0.000000 0.000000 0.000000 0.000000 0.000000
15.354300 5.905500 0.010842 0.000000 0.000000 0.000000 0.000000 0.000000 0.000000
16.535400 5.905500 0.002750 0.000000 0.000000 0.000000 0.000000 0.000000 0.000000
16.535400 5.905500 0.007975 0.000000 0.000000 0.000000 0.000000 0.000000 0.000000
17.716500 5.905500 0.001000 0.000000 0.000000 0.000000 0.000000 0.000000 0.000000
17.716500 5.905500 0.005992 0.000000 0.000000 0.000000 0.000000 0.000000 0.000000
18.897600 5.905500 -0.000250 0.000000 0.000000 0.000000 0.000000 0.000000 0.000000
18.897600 5.905500 0.004875 0.000000 0.000000 0.000000 0.000000 0.000000 0.000000
20.078700 5.905500 -0.002000 0.000000 0.000000 0.000000 0.000000 0.000000 0.000000
20.078700 5.905500 0.003075 0.000000 0.000000 0.000000 0.000000 0.000000 0.000000
21.259800 5.905500 -0.001500 0.000000 0.000000 0.000000 0.000000 0.000000 0.000000
21.259800 5.905500 0.003542 0.000000 0.000000 0.000000 0.000000 0.000000 0.000000
22.440900 5.905500 0.000250 0.000000 0.000000 0.000000 0.000000 0.000000 0.000000
22.440900 5.905500 0.005408 0.000000 0.000000 0.000000 0.000000 0.000000 0.000000
23.622000 5.905500 0.002750 0.000000 0.000000 0.000000 0.000000 0.000000 0.000000
23.622000 5.905500 0.007908 0.000000 0.000000 0.000000 0.000000 0.000000 0.000000
24.803100 5.905500 0.004250 0.000000 0.000000 0.000000 0.000000 0.000000 0.000000
24.803100 5.905500 0.009442 0.000000 0.000000 0.000000 0.000000 0.000000 0.000000
25.984200 5.905500 0.011250 0.000000 0.000000 0.000000 0.000000 0.000000 0.000000
25.984200 5.905500 0.016308 0.000000 0.000000 0.000000 0.000000 0.000000 0.000000
27.165300 5.905500 0.009250 0.000000 0.000000 0.000000 0.000000 0.000000 0.000000
27.165300 5.905500 0.014342 0.000000 0.000000 0.000000 0.000000 0.000000 0.000000
28.346400 5.905500 0.006500 0.000000 0.000000 0.000000 0.000000 0.000000 0.000000
28.346400 5.905500 0.011792 0.000000 0.000000 0.000000 0.000000 0.000000 0.000000
29.527500 5.905500 0.004000 0.000000 0.000000 0.000000 0.000000 0.000000 0.000000
29.527500 5.905500 0.009325 0.000000 0.000000 0.000000 0.000000 0.000000 0.000000
30.708600 5.905500 0.000750 0.000000 0.000000 0.000000 0.000000 0.000000 0.000000
30.708600 5.905500 0.005908 0.000000 0.000000 0.000000 0.000000 0.000000 0.000000
31.889700 5.905500 -0.001250 0.000000 0.000000 0.000000 0.000000 0.000000 0.000000
31.889700 5.905500 0.003958 0.000000 0.000000 0.000000 0.000000 0.000000 0.000000
33.070800 5.905500 -0.002750 0.000000 0.000000 0.000000 0.000000 0.000000 0.000000
33.070800 5.905500 0.002508 0.000000 0.000000 0.000000 0.000000 0.000000 0.000000
34.251900 5.905500 -0.003000 0.000000 0.000000 0.000000 0.000000 0.000000 0.000000
34.251900 5.905500 0.002425 0.000000 0.000000 0.000000 0.000000 0.000000 0.000000
35.433000 5.905500 -0.001500 0.000000 0.000000 0.000000 0.000000 0.000000 0.000000
35.433000 5.905500 0.003875 0.000000 0.000000 0.000000 0.000000 0.000000 0.000000
36.614100 5.905500 0.001500 0.000000 0.000000 0.000000 0.000000 0.000000 0.000000
36.614100 5.905500 0.006858 0.000000 0.000000 0.000000 0.000000 0.000000 0.000000
37.795200 5.905500 -0.004500 0.000000 0.000000 0.000000 0.000000 0.000000 0.000000
37.795200 5.905500 0.000908 0.000000 0.000000 0.000000 0.000000 0.000000 0.000000
38.976300 5.905500 -0.007500 0.000000 0.000000 0.000000 0.000000 0.000000 0.000000
38.976300 5.905500 -0.002025 0.000000 0.000000 0.000000 0.000000 0.000000 0.000000
40.157400 5.905500 -0.012000 0.000000 0.000000 0.000000 0.000000 0.000000 0.000000
40.157400 5.905500 -0.006825 0.000000 0.000000 0.000000 0.000000 0.000000 0.000000
0.000000 7.086600 -0.015250 0.000000 0.000000 0.000000 0.000000 0.000000 0.000000
0.000000 7.086600 -0.009808 0.000000 0.000000 0.000000 0.000000 0.000000 0.000000
1.181100 7.086600 -0.013500 0.000000 0.000000 0.000000 0.000000 0.000000 0.000000
1.181100 7.086600 -0.008225 0.000000 0.000000 0.000000 0.000000 0.000000 0.000000
2.362200 7.086600 -0.010000 0.000000 0.000000 0.000000 0.000000 0.000000 0.000000
2.362200 7.086600 -0.004825 0.000000 0.000000 0.000000 0.000000 0.000000 0.000000
3.543300 7.086600 -0.007500 0.000000 0.000000 0.000000 0.000000 0.000000 0.000000
3.543300 7.086600 -0.002358 0.000000 0.000000 0.000000 0.000000 0.000000 0.000000
4.724400 7.086600 -0.002000 0.000000 0.000000 0.000000 0.000000 0.000000 0.000000
4.724400 7.086600 0.003458 0.000000 0.000000 0.000000 0.000000 0.000000 0.000000
5.905500 7.086600 0.002750 0.000000 0.000000 0.000000 0.000000 0.000000 0.000000
5.905500 7.086600 0.007958 0.000000 0.000000 0.000000 0.000000 0.000000 0.000000
7.086600 7.086600 -0.001500 0.000000 0.000000 0.000000 0.000000 0.000000 0.000000
7.086600 7.086600 0.003492 0.000000 0.000000 0.000000 0.000000 0.000000 0.000000
8.267700 7.086600 -0.005250 0.000000 0.000000 0.000000 0.000000 0.000000 0.000000
8.267700 7.086600 0.000042 0.000000 0.000000 0.000000 0.000000 0.000000 0.000000
9.448800 7.086600 -0.006500 0.000000 0.000000 0.000000 0.000000 0.000000 0.000000
9.448800 7.086600 -0.001358 0.000000 0.000000 0.000000 0.000000 0.000000 0.000000
10.629900 7.086600 -0.006500 0.000000 0.000000 0.000000 0.000000 0.000000 0.000000
10.629900 7.086600 -0.001008 0.000000 0.000000 0.000000 0.000000 0.000000 0.000000
11.811000 7.086600 -0.004750 0.000000 0.000000 0.000000 0.000000 0.000000 0.000000
11.811000 7.086600 0.000525 0.000000 0.000000 0.000000 0.000000 0.000000 0.000000
12.992100 7.086600 -0.000750 0.000000 0.000000 0.000000 0.000000 0.000000 0.000000
12.992100 7.086600 0.004408 0.000000 0.000000 0.000000 0.000000 0.000000 0.000000
14.173200 7.086600 0.000750 0.000000 0.000000 0.000000 0.000000 0.000000 0.000000
14.173200 7.086600 0.005925 0.000000 0.000000 0.000000 0.000000 0.000000 0.000000
15.354300 7.086600 0.006000 0.000000 0.000000 0.000000 0.000000 0.000000 0.000000
15.354300 7.086600 0.011275 0.000000 0.000000 0.000000 0.000000 0.000000 0.000000
16.535400 7.086600 0.003000 0.000000 0.000000 0.000000 0.000000 0.000000 0.000000
16.535400 7.086600 0.008358 0.000000 0.000000 0.000000 0.000000 0.000000 0.000000
17.716500 7.086600 0.001000 0.000000 0.000000 0.000000 0.000000 0.000000 0.000000
17.716500 7.086600 0.006358 0.000000 0.000000 0.000000 0.000000 0.000000 0.000000
18.897600 7.086600 -0.000250 0.000000 0.000000 0.000000 0.000000 0.000000 0.000000
18.897600 7.086600 0.004958 0.000000 0.000000 0.000000 0.000000 0.000000 0.000000
20.078700 7.086600 -0.001750 0.000000 0.000000 0.000000 0.000000 0.000000 0.000000
20.078700 7.086600 0.003442 0.000000 0.000000 0.000000 0.000000 0.000000 0.000000
21.259800 7.086600 -0.001250 0.000000 0.000000 0.000000 0.000000 0.000000 0.000000
21.259800 7.086600 0.003942 0.000000 0.000000 0.000000 0.000000 0.000000 0.000000
22.440900 7.086600 0.000500 0.000000 0.000000 0.000000 0.000000 0.000000 0.000000
22.440900 7.086600 0.005525 0.000000 0.000000 0.000000 0.000000 0.000000 0.000000
23.622000 7.086600 0.003000 0.000000 0.000000 0.000000 0.000000 0.000000 0.000000
23.622000 7.086600 0.008308 0.000000 0.000000 0.000000 0.000000 0.000000 0.000000
24.803100 7.086600 0.004750 0.000000 0.000000 0.000000 0.000000 0.000000 0.000000
24.803100 7.086600 0.009858 0.000000 0.000000 0.000000 0.000000 0.000000 0.000000
25.984200 7.086600 0.011000 0.000000 0.000000 0.000000 0.000000 0.000000 0.000000
25.984200 7.086600 0.016258 0.000000 0.000000 0.000000 0.000000 0.000000 0.000000
27.165300 7.086600 0.009000 0.000000 0.000000 0.000000 0.000000 0.000000 0.000000
27.165300 7.086600 0.014292 0.000000 0.000000 0.000000 0.000000 0.000000 0.000000
28.346400 7.086600 0.006500 0.000000 0.000000 0.000000 0.000000 0.000000 0.000000
28.346400 7.086600 0.011808 0.000000 0.000000 0.000000 0.000000 0.000000 0.000000
29.527500 7.086600 0.004250 0.000000 0.000000 0.000000 0.000000 0.000000 0.000000
29.527500 7.086600 0.009392 0.000000 0.000000 0.000000 0.000000 0.000000 0.000000
30.708600 7.086600 0.000750 0.000000 0.000000 0.000000 0.000000 0.000000 0.000000
30.708600 7.086600 0.005908 0.000000 0.000000 0.000000 0.000000 0.000000 0.000000
31.889700 7.086600 -0.001000 0.000000 0.000000 0.000000 0.000000 0.000000 0.000000
31.889700 7.086600 0.004392 0.000000 0.000000 0.000000 0.000000 0.000000 0.000000
33.070800 7.086600 -0.002500 0.000000 0.000000 0.000000 0.000000 0.000000 0.000000
33.070800 7.086600 0.002908 0.000000 0.000000 0.000000 0.000000 0.000000 0.000000
34.251900 7.086600 -0.003000 0.000000 0.000000 0.000000 0.000000 0.000000 0.000000
34.251900 7.086600 0.002442 0.000000 0.000000 0.000000 0.000000 0.000000 0.000000
35.433000 7.086600 -0.002000 0.000000 0.000000 0.000000 0.000000 0.000000 0.000000
35.433000 7.086600 0.003425 0.000000 0.000000 0.000000 0.000000 0.000000 0.000000
36.614100 7.086600 0.001250 0.000000 0.000000 0.000000 0.000000 0.000000 0.000000
36.614100 7.086600 0.006475 0.000000 0.000000 0.000000 0.000000 0.000000 0.000000
37.795200 7.086600 -0.004750 0.000000 0.000000 0.000000 0.000000 0.000000 0.000000
37.795200 7.086600 0.000492 0.000000 0.000000 0.000000 0.000000 0.000000 0.000000
38.976300 7.086600 -0.007750 0.000000 0.000000 0.000000 0.000000 0.000000 0.000000
38.976300 7.086600 -0.002458 0.000000 0.000000 0.000000 0.000000 0.000000 0.000000
40.157400 7.086600 -0.012250 0.000000 0.000000 0.000000 0.000000 0.000000 0.000000
40.157400 7.086600 -0.006942 0.000000 0.000000 0.000000 0.000000 0.000000 0.000000
-0.000000 8.267700 -0.015000 0.000000 0.000000 0.000000 0.000000 0.000000 0.000000
-0.000000 8.267700 -0.009742 0.000000 0.000000 0.000000 0.000000 0.000000 0.000000
1.181100 8.267700 -0.013000 0.000000 0.000000 0.000000 0.000000 0.000000 0.000000
1.181100 8.267700 -0.007775 0.000000 0.000000 0.000000 0.000000 0.000000 0.000000
2.362200 8.267700 -0.010000 0.000000 0.000000 0.000000 0.000000 0.000000 0.000000
2.362200 8.267700 -0.004825 0.000000 0.000000 0.000000 0.000000 0.000000 0.000000
3.543300 8.267700 -0.007750 0.000000 0.000000 0.000000 0.000000 0.000000 0.000000
3.543300 8.267700 -0.002408 0.000000 0.000000 0.000000 0.000000 0.000000 0.000000
4.724400 8.267700 -0.001750 0.000000 0.000000 0.000000 0.000000 0.000000 0.000000
4.724400 8.267700 0.003492 0.000000 0.000000 0.000000 0.000000 0.000000 0.000000
5.905500 8.267700 0.003250 0.000000 0.000000 0.000000 0.000000 0.000000 0.000000
5.905500 8.267700 0.008858 0.000000 0.000000 0.000000 0.000000 0.000000 0.000000
7.086600 8.267700 -0.001000 0.000000 0.000000 0.000000 0.000000 0.000000 0.000000
7.086600 8.267700 0.004008 0.000000 0.000000 0.000000 0.000000 0.000000 0.000000
8.267700 8.267700 -0.005000 0.000000 0.000000 0.000000 0.000000 0.000000 0.000000
8.267700 8.267700 0.000475 0.000000 0.000000 0.000000 0.000000 0.000000 0.000000
9.448800 8.267700 -0.006250 0.000000 0.000000 0.000000 0.000000 0.000000 0.000000
9.448800 8.267700 -0.001008 0.000000 0.000000 0.000000 0.000000 0.000000 0.000000
10.629900 8.267700 -0.006250 0.000000 0.000000 0.000000 0.000000 0.000000 0.000000
10.629900 8.267700 -0.000992 0.000000 0.000000 0.000000 0.000000 0.000000 0.000000
11.811000 8.267700 -0.004750 0.000000 0.000000 0.000000 0.000000 0.000000 0.000000
11.811000 8.267700 0.000525 0.000000 0.000000 0.000000 0.000000 0.000000 0.000000
12.992100 8.267700 -0.000750 0.000000 0.000000 0.000000 0.000000 0.000000 0.000000
12.992100 8.267700 0.004358 0.000000 0.000000 0.000000 0.000000 0.000000 0.000000
14.173200 8.267700 0.000500 0.000000 0.000000 0.000000 0.000000 0.000000 0.000000
14.173200 8.267700 0.005892 0.000000 0.000000 0.000000 0.000000 0.000000 0.000000
15.354300 8.267700 0.006000 0.000000 0.000000 0.000000 0.000000 0.000000 0.000000
15.354300 8.267700 0.011292 0.000000 0.000000 0.000000 0.000000 0.000000 0.000000
16.535400 8.267700 0.002750 0.000000 0.000000 0.000000 0.000000 0.000000 0.000000
16.535400 8.267700 0.008208 0.000000 0.000000 0.000000 0.000000 0.000000 0.000000
17.716500 8.267700 0.001000 0.000000 0.000000 0.000000 0.000000 0.000000 0.000000
17.716500 8.267700 0.005975 0.000000 0.000000 0.000000 0.000000 0.000000 0.000000
18.897600 8.267700 -0.000250 0.000000 0.000000 0.000000 0.000000 0.000000 0.000000
18.897600 8.267700 0.004908 0.000000 0.000000 0.000000 0.000000 0.000000 0.000000
20.078700 8.267700 -0.002000 0.000000 0.000000 0.000000 0.000000 0.000000 0.000000
20.078700 8.267700 0.003075 0.000000 0.000000 0.000000 0.000000 0.000000 0.000000
21.259800 8.267700 -0.001500 0.000000 0.000000 0.000000 0.000000 0.000000 0.000000
21.259800 8.267700 0.003542 0.000000 0.000000 0.000000 0.000000 0.000000 0.000000
22.440900 8.267700 0.000250 0.000000 0.000000 0.000000 0.000000 0.000000 0.000000
22.440900 8.267700 0.005392 0.000000 0.000000 0.000000 0.000000 0.000000 0.000000
23.622000 8.267700 0.002750 0.000000 0.000000 0.000000 0.000000 0.000000 0.000000
23.622000 8.267700 0.007892 0.000000 0.000000 0.000000 0.000000 0.000000 0.000000
24.803100 8.267700 0.004500 0.000000 0.000000 0.000000 0.000000 0.000000 0.000000
24.803100 8.267700 0.009625 0.000000 0.000000 0.000000 0.000000 0.000000 0.000000
25.984200 8.267700 0.011500 0.000000 0.000000 0.000000 0.000000 0.000000 0.000000
25.984200 8.267700 0.016725 0.000000 0.000000 0.000000 0.000000 0.000000 0.000000
27.165300 8.267700 0.008500 0.000000 0.000000 0.000000 0.000000 0.000000 0.000000
27.165300 8.267700 0.013742 0.000000 0.000000 0.000000 0.000000 0.000000 0.000000
28.346400 8.267700 0.006250 0.000000 0.000000 0.000000 0.000000 0.000000 0.000000
28.346400 8.267700 0.011342 0.000000 0.000000 0.000000 0.000000 0.000000 0.000000
29.527500 8.267700 0.004000 0.000000 0.000000 0.000000 0.000000 0.000000 0.000000
29.527500 8.267700 0.009308 0.000000 0.000000 0.000000 0.000000 0.000000 0.000000
30.708600 8.267700 0.000500 0.000000 0.000000 0.000000 0.000000 0.000000 0.000000
30.708600 8.267700 0.005742 0.000000 0.000000 0.000000 0.000000 0.000000 0.000000
31.889700 8.267700 -0.000750 0.000000 0.000000 0.000000 0.000000 0.000000 0.000000
31.889700 8.267700 0.004425 0.000000 0.000000 0.000000 0.000000 0.000000 0.000000
33.070800 8.267700 -0.002500 0.000000 0.000000 0.000000 0.000000 0.000000 0.000000
33.070800 8.267700 0.002975 0.000000 0.000000 0.000000 0.000000 0.000000 0.000000
34.251900 8.267700 -0.002750 0.000000 0.000000 0.000000 0.000000 0.000000 0.000000
34.251900 8.267700 0.002492 0.000000 0.000000 0.000000 0.000000 0.000000 0.000000
35.433000 8.267700 -0.002500 0.000000 0.000000 0.000000 0.000000 0.000000 0.000000
35.433000 8.267700 0.002925 0.000000 0.000000 0.000000 0.000000 0.000000 0.000000
36.614100 8.267700 0.001500 0.000000 0.000000 0.000000 0.000000 0.000000 0.000000
36.614100 8.267700 0.006908 0.000000 0.000000 0.000000 0.000000 0.000000 0.000000
37.795200 8.267700 -0.005000 0.000000 0.000000 0.000000 0.000000 0.000000 0.000000
37.795200 8.267700 0.000058 0.000000 0.000000 0.000000 0.000000 0.000000 0.000000
38.976300 8.267700 -0.008250 0.000000 0.000000 0.000000 0.000000 0.000000 0.000000
38.976300 8.267700 -0.002925 0.000000 0.000000 0.000000 0.000000 0.000000 0.000000
40.157400 8.267700 -0.012750 0.000000 0.000000 0.000000 0.000000 0.000000 0.000000
40.157400 8.267700 -0.007392 0.000000 0.000000 0.000000 0.000000 0.000000 0.000000
-0.000000 9.448800 -0.014500 0.000000 0.000000 0.000000 0.000000 0.000000 0.000000
-0.000000 9.448800 -0.009275 0.000000 0.000000 0.000000 0.000000 0.000000 0.000000
1.181100 9.448800 -0.012500 0.000000 0.000000 0.000000 0.000000 0.000000 0.000000
1.181100 9.448800 -0.007292 0.000000 0.000000 0.000000 0.000000 0.000000 0.000000
2.362200 9.448800 -0.009750 0.000000 0.000000 0.000000 0.000000 0.000000 0.000000
2.362200 9.448800 -0.004425 0.000000 0.000000 0.000000 0.000000 0.000000 0.000000
3.543300 9.448800 -0.007750 0.000000 0.000000 0.000000 0.000000 0.000000 0.000000
3.543300 9.448800 -0.002392 0.000000 0.000000 0.000000 0.000000 0.000000 0.000000
4.724400 9.448800 -0.001750 0.000000 0.000000 0.000000 0.000000 0.000000 0.000000
4.724400 9.448800 0.003525 0.000000 0.000000 0.000000 0.000000 0.000000 0.000000
5.905500 9.448800 0.003750 0.000000 0.000000 0.000000 0.000000 0.000000 0.000000
5.905500 9.448800 0.009342 0.000000 0.000000 0.000000 0.000000 0.000000 0.000000
7.086600 9.448800 -0.000750 0.000000 0.000000 0.000000 0.000000 0.000000 0.000000
7.086600 9.448800 0.004458 0.000000 0.000000 0.000000 0.000000 0.000000 0.000000
8.267700 9.448800 -0.004500 0.000000 0.000000 0.000000 0.000000 0.000000 0.000000
8.267700 9.448800 0.000575 0.000000 0.000000 0.000000 0.000000 0.000000 0.000000
9.448800 9.448800 -0.006250 0.000000 0.000000 0.000000 0.000000 0.000000 0.000000
9.448800 9.448800 -0.000942 0.000000 0.000000 0.000000 0.000000 0.000000 0.000000
10.629900 9.448800 -0.006250 0.000000 0.000000 0.000000 0.000000 0.000000 0.000000
10.629900 9.448800 -0.000958 0.000000 0.000000 0.000000 0.000000 0.000000 0.000000
11.811000 9.448800 -0.004500 0.000000 0.000000 0.000000 0.000000 0.000000 0.000000
11.811000 9.448800 0.000608 0.000000 0.000000 0.000000 0.000000 0.000000 0.000000
12.992100 9.448800 -0.001000 0.000000 0.000000 0.000000 0.000000 0.000000 0.000000
12.992100 9.448800 0.004342 0.000000 0.000000 0.000000 0.000000 0.000000 0.000000
14.173200 9.448800 0.000500 0.000000 0.000000 0.000000 0.000000 0.000000 0.000000
14.173200 9.448800 0.005858 0.000000 0.000000 0.000000 0.000000 0.000000 0.000000
15.354300 9.448800 0.005750 0.000000 0.000000 0.000000 0.000000 0.000000 0.000000
15.354300 9.448800 0.010908 0.000000 0.000000 0.000000 0.000000 0.000000 0.000000
16.535400 9.448800 0.002500 0.000000 0.000000 0.000000 0.000000 0.000000 0.000000
16.535400 9.448800 0.007842 0.000000 0.000000 0.000000 0.000000 0.000000 0.000000
17.716500 9.448800 0.000500 0.000000 0.000000 0.000000 0.000000 0.000000 0.000000
17.716500 9.448800 0.005842 0.000000 0.000000 0.000000 0.000000 0.000000 0.000000
18.897600 9.448800 -0.000500 0.000000 0.000000 0.000000 0.000000 0.000000 0.000000
18.897600 9.448800 0.004492 0.000000 0.000000 0.000000 0.000000 0.000000 0.000000
20.078700 9.448800 -0.002500 0.000000 0.000000 0.000000 0.000000 0.000000 0.000000
20.078700 9.448800 0.002875 0.000000 0.000000 0.000000 0.000000 0.000000 0.000000
21.259800 9.448800 -0.002000 0.000000 0.000000 0.000000 0.000000 0.000000 0.000000
21.259800 9.448800 0.003092 0.000000 0.000000 0.000000 0.000000 0.000000 0.000000
22.440900 9.448800 -0.000250 0.000000 0.000000 0.000000 0.000000 0.000000 0.000000
22.440900 9.448800 0.004975 0.000000 0.000000 0.000000 0.000000 0.000000 0.000000
23.622000 9.448800 0.002000 0.000000 0.000000 0.000000 0.000000 0.000000 0.000000
23.622000 9.448800 0.007425 0.000000 0.000000 0.000000 0.000000 0.000000 0.000000
24.803100 9.448800 0.003750 0.000000 0.000000 0.000000 0.000000 0.000000 0.000000
24.803100 9.448800 0.008992 0.000000 0.000000 0.000000 0.000000 0.000000 0.000000
25.984200 9.448800 0.011000 0.000000 0.000000 0.000000 0.000000 0.000000 0.000000
25.984200 9.448800 0.016208 0.000000 0.000000 0.000000 0.000000 0.000000 0.000000
27.165300 9.448800 0.008000 0.000000 0.000000 0.000000 0.000000 0.000000 0.000000
27.165300 9.448800 0.013225 0.000000 0.000000 0.000000 0.000000 0.000000 0.000000
28.346400 9.448800 0.005750 0.000000 0.000000 0.000000 0.000000 0.000000 0.000000
28.346400 9.448800 0.010925 0.000000 0.000000 0.000000 0.000000 0.000000 0.000000
29.527500 9.448800 0.003750 0.000000 0.000000 0.000000 0.000000 0.000000 0.000000
29.527500 9.448800 0.008892 0.000000 0.000000 0.000000 0.000000 0.000000 0.000000
30.708600 9.448800 0.000500 0.000000 0.000000 0.000000 0.000000 0.000000 0.000000
30.708600 9.448800 0.005475 0.000000 0.000000 0.000000 0.000000 0.000000 0.000000
31.889700 9.448800 -0.001000 0.000000 0.000000 0.000000 0.000000 0.000000 0.000000
31.889700 9.448800 0.004392 0.000000 0.000000 0.000000 0.000000 0.000000 0.000000
33.070800 9.448800 -0.002250 0.000000 0.000000 0.000000 0.000000 0.000000 0.000000
33.070800 9.448800 0.003008 0.000000 0.000000 0.000000 0.000000 0.000000 0.000000
34.251900 9.448800 -0.002750 0.000000 0.000000 0.000000 0.000000 0.000000 0.000000
34.251900 9.448800 0.002508 0.000000 0.000000 0.000000 0.000000 0.000000 0.000000
35.433000 9.448800 -0.003250 0.000000 0.000000 0.000000 0.000000 0.000000 0.000000
35.433000 9.448800 0.002008 0.000000 0.000000 0.000000 0.000000 0.000000 0.000000
36.614100 9.448800 0.000750 0.000000 0.000000 0.000000 0.000000 0.000000 0.000000
36.614100 9.448800 0.006025 0.000000 0.000000 0.000000 0.000000 0.000000 0.000000
37.795200 9.448800 -0.005250 0.000000 0.000000 0.000000 0.000000 0.000000 0.000000
37.795200 9.448800 0.000025 0.000000 0.000000 0.000000 0.000000 0.000000 0.000000
38.976300 9.448800 -0.008500 0.000000 0.000000 0.000000 0.000000 0.000000 0.000000
38.976300 9.448800 -0.003358 0.000000 0.000000 0.000000 0.000000 0.000000 0.000000
40.157400 9.448800 -0.013000 0.000000 0.000000 0.000000 0.000000 0.000000 0.000000
40.157400 9.448800 -0.007775 0.000000 0.000000 0.000000 0.000000 0.000000 0.000000
0.000000 10.629900 -0.014000 0.000000 0.000000 0.000000 0.000000 0.000000 0.000000
0.000000 10.629900 -0.008775 0.000000 0.000000 0.000000 0.000000 0.000000 0.000000
1.181100 10.629900 -0.012000 0.000000 0.000000 0.000000 0.000000 0.000000 0.000000
1.181100 10.629900 -0.006808 0.000000 0.000000 0.000000 0.000000 0.000000 0.000000
2.362200 10.629900 -0.009500 0.000000 0.000000 0.000000 0.000000 0.000000 0.000000
2.362200 10.629900 -0.004358 0.000000 0.000000 0.000000 0.000000 0.000000 0.000000
3.543300 10.629900 -0.008000 0.000000 0.000000 0.000000 0.000000 0.000000 0.000000
3.543300 10.629900 -0.002475 0.000000 0.000000 0.000000 0.000000 0.000000 0.000000
4.724400 10.629900 -0.002000 0.000000 0.000000 0.000000 0.000000 0.000000 0.000000
4.724400 10.629900 0.003042 0.000000 0.000000 0.000000 0.000000 0.000000 0.000000
5.905500 10.629900 0.004000 0.000000 0.000000 0.000000 0.000000 0.000000 0.000000
5.905500 10.629900 0.009375 0.000000 0.000000 0.000000 0.000000 0.000000 0.000000
7.086600 10.629900 -0.000750 0.000000 0.000000 0.000000 0.000000 0.000000 0.000000
7.086600 10.629900 0.004458 0.000000 0.000000 0.000000 0.000000 0.000000 0.000000
8.267700 10.629900 -0.004750 0.000000 0.000000 0.000000 0.000000 0.000000 0.000000
8.267700 10.629900 0.000558 0.000000 0.000000 0.000000 0.000000 0.000000 0.000000
9.448800 10.629900 -0.006250 0.000000 0.000000 0.000000 0.000000 0.000000 0.000000
9.448800 10.629900 -0.000992 0.000000 0.000000 0.000000 0.000000 0.000000 0.000000
10.629900 10.629900 -0.006500 0.000000 0.000000 0.000000 0.000000 0.000000 0.000000
10.629900 10.629900 -0.001392 0.000000 0.000000 0.000000 0.000000 0.000000 0.000000
11.811000 10.629900 -0.004750 0.000000 0.000000 0.000000 0.000000 0.000000 0.000000
11.811000 10.629900 0.000542 0.000000 0.000000 0.000000 0.000000 0.000000 0.000000
12.992100 10.629900 -0.001000 0.000000 0.000000 0.000000 0.000000 0.000000 0.000000
12.992100 10.629900 0.004042 0.000000 0.000000 0.000000 0.000000 0.000000 0.000000
14.173200 10.629900 0.000500 0.000000 0.000000 0.000000 0.000000 0.000000 0.000000
14.173200 10.629900 0.005525 0.000000 0.000000 0.000000 0.000000 0.000000 0.000000
15.354300 10.629900 0.005250 0.000000 0.000000 0.000000 0.000000 0.000000 0.000000
15.354300 10.629900 0.010458 0.000000 0.000000 0.000000 0.000000 0.000000 0.000000
16.535400 10.629900 0.001750 0.000000 0.000000 0.000000 0.000000 0.000000 0.000000
16.535400 10.629900 0.007325 0.000000 0.000000 0.000000 0.000000 0.000000 0.000000
17.716500 10.629900 0.000000 0.000000 0.000000 0.000000 0.000000 0.000000 0.000000
17.716500 10.629900 0.004975 0.000000 0.000000 0.000000 0.000000 0.000000 0.000000
18.897600 10.629900 -0.001000 0.000000 0.000000 0.000000 0.000000 0.000000 0.000000
18.897600 10.629900 0.003992 0.000000 0.000000 0.000000 0.000000 0.000000 0.000000
20.078700 10.629900 -0.003250 0.000000 0.000000 0.000000 0.000000 0.000000 0.000000
20.078700 10.629900 0.002058 0.000000 0.000000 0.000000 0.000000 0.000000 0.000000
21.259800 10.629900 -0.003000 0.000000 0.000000 0.000000 0.000000 0.000000 0.000000
21.259800 10.629900 0.002108 0.000000 0.000000 0.000000 0.000000 0.000000 0.000000
22.440900 10.629900 -0.000750 0.000000 0.000000 0.000000 0.000000 0.000000 0.000000
22.440900 10.629900 0.004425 0.000000 0.000000 0.000000 0.000000 0.000000 0.000000
23.622000 10.629900 0.001500 0.000000 0.000000 0.000000 0.000000 0.000000 0.000000
23.622000 10.629900 0.006875 0.000000 0.000000 0.000000 0.000000 0.000000 0.000000
24.803100 10.629900 0.003000 0.000000 0.000000 0.000000 0.000000 0.000000 0.000000
24.803100 10.629900 0.008308 0.000000 0.000000 0.000000 0.000000 0.000000 0.000000
25.984200 10.629900 0.010250 0.000000 0.000000 0.000000 0.000000 0.000000 0.000000
25.984200 10.629900 0.015675 0.000000 0.000000 0.000000 0.000000 0.000000 0.000000
27.165300 10.629900 0.007250 0.000000 0.000000 0.000000 0.000000 0.000000 0.000000
27.165300 10.629900 0.012375 0.000000 0.000000 0.000000 0.000000 0.000000 0.000000
28.346400 10.629900 0.005000 0.000000 0.000000 0.000000 0.000000 0.000000 0.000000
28.346400 10.629900 0.010325 0.000000 0.000000 0.000000 0.000000 0.000000 0.000000
29.527500 10.629900 0.003250 0.000000 0.000000 0.000000 0.000000 0.000000 0.000000
29.527500 10.629900 0.008408 0.000000 0.000000 0.000000 0.000000 0.000000 0.000000
30.708600 10.629900 -0.000000 0.000000 0.000000 0.000000 0.000000 0.000000 0.000000
30.708600 10.629900 0.005025 0.000000 0.000000 0.000000 0.000000 0.000000 0.000000
31.889700 10.629900 -0.001250 0.000000 0.000000 0.000000 0.000000 0.000000 0.000000
31.889700 10.629900 0.003892 0.000000 0.000000 0.000000 0.000000 0.000000 0.000000
33.070800 10.629900 -0.002500 0.000000 0.000000 0.000000 0.000000 0.000000 0.000000
33.070800 10.629900 0.002942 0.000000 0.000000 0.000000 0.000000 0.000000 0.000000
34.251900 10.629900 -0.002750 0.000000 0.000000 0.000000 0.000000 0.000000 0.000000
34.251900 10.629900 0.002525 0.000000 0.000000 0.000000 0.000000 0.000000 0.000000
35.433000 10.629900 -0.003750 0.000000 0.000000 0.000000 0.000000 0.000000 0.000000
35.433000 10.629900 0.001508 0.000000 0.000000 0.000000 0.000000 0.000000 0.000000
36.614100 10.629900 -0.000000 0.000000 0.000000 0.000000 0.000000 0.000000 0.000000
36.614100 10.629900 0.005458 0.000000 0.000000 0.000000 0.000000 0.000000 0.000000
37.795200 10.629900 -0.005250 0.000000 0.000000 0.000000 0.000000 0.000000 0.000000
37.795200 10.629900 -0.000008 0.000000 0.000000 0.000000 0.000000 0.000000 0.000000
38.976300 10.629900 -0.009000 0.000000 0.000000 0.000000 0.000000 0.000000 0.000000
38.976300 10.629900 -0.003458 0.000000 0.000000 0.000000 0.000000 0.000000 0.000000
40.157400 10.629900 -0.013250 0.000000 0.000000 0.000000 0.000000 0.000000 0.000000
40.157400 10.629900 -0.007875 0.000000 0.000000 0.000000 0.000000 0.000000 0.000000
0.000000 11.811000 -0.013250 0.000000 0.000000 0.000000 0.000000 0.000000 0.000000
0.000000 11.811000 -0.007825 0.000000 0.000000 0.000000 0.000000 0.000000 0.000000
1.181100 11.811000 -0.011500 0.000000 0.000000 0.000000 0.000000 0.000000 0.000000
1.181100 11.811000 -0.006292 0.000000 0.000000 0.000000 0.000000 0.000000 0.000000
2.362200 11.811000 -0.008750 0.000000 0.000000 0.000000 0.000000 0.000000 0.000000
2.362200 11.811000 -0.003442 0.000000 0.000000 0.000000 0.000000 0.000000 0.000000
3.543300 11.811000 -0.006750 0.000000 0.000000 0.000000 0.000000 0.000000 0.000000
3.543300 11.811000 -0.001458 0.000000 0.000000 0.000000 0.000000 0.000000 0.000000
4.724400 11.811000 -0.002500 0.000000 0.000000 0.000000 0.000000 0.000000 0.000000
4.724400 11.811000 0.002958 0.000000 0.000000 0.000000 0.000000 0.000000 0.000000
5.905500 11.811000 0.003750 0.000000 0.000000 0.000000 0.000000 0.000000 0.000000
5.905500 11.811000 0.009375 0.000000 0.000000 0.000000 0.000000 0.000000 0.000000
7.086600 11.811000 -0.000750 0.000000 0.000000 0.000000 0.000000 0.000000 0.000000
7.086600 11.811000 0.004458 0.000000 0.000000 0.000000 0.000000 0.000000 0.000000
8.267700 11.811000 -0.004750 0.000000 0.000000 0.000000 0.000000 0.000000 0.000000
8.267700 11.811000 0.000558 0.000000 0.000000 0.000000 0.000000 0.000000 0.000000
9.448800 11.811000 -0.006250 0.000000 0.000000 0.000000 0.000000 0.000000 0.000000
9.448800 11.811000 -0.000942 0.000000 0.000000 0.000000 0.000000 0.000000 0.000000
10.629900 11.811000 -0.006250 0.000000 0.000000 0.000000 0.000000 0.000000 0.000000
10.629900 11.811000 -0.000958 0.000000 0.000000 0.000000 0.000000 0.000000 0.000000
11.811000 11.811000 -0.004750 0.000000 0.000000 0.000000 0.000000 0.000000 0.000000
11.811000 11.811000 0.000542 0.000000 0.000000 0.000000 0.000000 0.000000 0.000000
12.992100 11.811000 -0.001000 0.000000 0.000000 0.000000 0.000000 0.000000 0.000000
12.992100 11.811000 0.004025 0.000000 0.000000 0.000000 0.000000 0.000000 0.000000
14.173200 11.811000 0.000750 0.000000 0.000000 0.000000 0.000000 0.000000 0.000000
14.173200 11.811000 0.005925 0.000000 0.000000 0.000000 0.000000 0.000000 0.000000
15.354300 11.811000 0.004750 0.000000 0.000000 0.000000 0.000000 0.000000 0.000000
15.354300 11.811000 0.009892 0.000000 0.000000 0.000000 0.000000 0.000000 0.000000
16.535400 11.811000 0.001500 0.000000 0.000000 0.000000 0.000000 0.000000 0.000000
16.535400 11.811000 0.006892 0.000000 0.000000 0.000000 0.000000 0.000000 0.000000
17.716500 11.811000 -0.000250 0.000000 0.000000 0.000000 0.000000 0.000000 0.000000
17.716500 11.811000 0.004558 0.000000 0.000000 0.000000 0.000000 0.000000 0.000000
18.897600 11.811000 -0.001750 0.000000 0.000000 0.000000 0.000000 0.000000 0.000000
18.897600 11.811000 0.003492 0.000000 0.000000 0.000000 0.000000 0.000000 0.000000
20.078700 11.811000 -0.003750 0.000000 0.000000 0.000000 0.000000 0.000000 0.000000
20.078700 11.811000 0.001542 0.000000 0.000000 0.000000 0.000000 0.000000 0.000000
21.259800 11.811000 -0.003500 0.000000 0.000000 0.000000 0.000000 0.000000 0.000000
21.259800 11.811000 0.001958 0.000000 0.000000 0.000000 0.000000 0.000000 0.000000
22.440900 11.811000 -0.001500 0.000000 0.000000 0.000000 0.000000 0.000000 0.000000
22.440900 11.811000 0.003525 0.000000 0.000000 0.000000 0.000000 0.000000 0.000000
23.622000 11.811000 0.001000 0.000000 0.000000 0.000000 0.000000 0.000000 0.000000
23.622000 11.811000 0.006025 0.000000 0.000000 0.000000 0.000000 0.000000 0.000000
24.803100 11.811000 0.002500 0.000000 0.000000 0.000000 0.000000 0.000000 0.000000
24.803100 11.811000 0.007875 0.000000 0.000000 0.000000 0.000000 0.000000 0.000000
25.984200 11.811000 0.009250 0.000000 0.000000 0.000000 0.000000 0.000000 0.000000
25.984200 11.811000 0.014375 0.000000 0.000000 0.000000 0.000000 0.000000 0.000000
27.165300 11.811000 0.006750 0.000000 0.000000 0.000000 0.000000 0.000000 0.000000
27.165300 11.811000 0.011842 0.000000 0.000000 0.000000 0.000000 0.000000 0.000000
28.346400 11.811000 0.004500 0.000000 0.000000 0.000000 0.000000 0.000000 0.000000
28.346400 11.811000 0.009825 0.000000 0.000000 0.000000 0.000000 0.000000 0.000000
29.527500 11.811000 0.002250 0.000000 0.000000 0.000000 0.000000 0.000000 0.000000
29.527500 11.811000 0.007775 0.000000 0.000000 0.000000 0.000000 0.000000 0.000000
30.708600 11.811000 -0.000500 0.000000 0.000000 0.000000 0.000000 0.000000 0.000000
30.708600 11.811000 0.004475 0.000000 0.000000 0.000000 0.000000 0.000000 0.000000
31.889700 11.811000 -0.002000 0.000000 0.000000 0.000000 0.000000 0.000000 0.000000
31.889700 11.811000 0.003425 0.000000 0.000000 0.000000 0.000000 0.000000 0.000000
33.070800 11.811000 -0.003250 0.000000 0.000000 0.000000 0.000000 0.000000 0.000000
33.070800 11.811000 0.002042 0.000000 0.000000 0.000000 0.000000 0.000000 0.000000
34.251900 11.811000 -0.003000 0.000000 0.000000 0.000000 0.000000 0.000000 0.000000
34.251900 11.811000 0.002475 0.000000 0.000000 0.000000 0.000000 0.000000 0.000000
35.433000 11.811000 -0.003000 0.000000 0.000000 0.000000 0.000000 0.000000 0.000000
35.433000 11.811000 0.002058 0.000000 0.000000 0.000000 0.000000 0.000000 0.000000
36.614100 11.811000 -0.000250 0.000000 0.000000 0.000000 0.000000 0.000000 0.000000
36.614100 11.811000 0.005358 0.000000 0.000000 0.000000 0.000000 0.000000 0.000000
37.795200 11.811000 -0.005500 0.000000 0.000000 0.000000 0.000000 0.000000 0.000000
37.795200 11.811000 -0.000458 0.000000 0.000000 0.000000 0.000000 0.000000 0.000000
38.976300 11.811000 -0.009000 0.000000 0.000000 0.000000 0.000000 0.000000 0.000000
38.976300 11.811000 -0.003508 0.000000 0.000000 0.000000 0.000000 0.000000 0.000000
40.157400 11.811000 -0.013250 0.000000 0.000000 0.000000 0.000000 0.000000 0.000000
40.157400 11.811000 -0.007892 0.000000 0.000000 0.000000 0.000000 0.000000 0.000000
0.000000 12.992100 -0.012500 0.000000 0.000000 0.000000 0.000000 0.000000 0.000000
0.000000 12.992100 -0.007325 0.000000 0.000000 0.000000 0.000000 0.000000 0.000000
1.181100 12.992100 -0.011000 0.000000 0.000000 0.000000 0.000000 0.000000 0.000000
1.181100 12.992100 -0.005808 0.000000 0.000000 0.000000 0.000000 0.000000 0.000000
2.362200 12.992100 -0.008250 0.000000 0.000000 0.000000 0.000000 0.000000 0.000000
2.362200 12.992100 -0.002942 0.000000 0.000000 0.000000 0.000000 0.000000 0.000000
3.543300 12.992100 -0.006250 0.000000 0.000000 0.000000 0.000000 0.000000 0.000000
3.543300 12.992100 -0.000925 0.000000 0.000000 0.000000 0.000000 0.000000 0.000000
4.724400 12.992100 -0.002500 0.000000 0.000000 0.000000 0.000000 0.000000 0.000000
4.724400 12.992100 0.002958 0.000000 0.000000 0.000000 0.000000 0.000000 0.000000
5.905500 12.992100 0.004000 0.000000 0.000000 0.000000 0.000000 0.000000 0.000000
5.905500 12.992100 0.009392 0.000000 0.000000 0.000000 0.000000 0.000000 0.000000
7.086600 12.992100 -0.001000 0.000000 0.000000 0.000000 0.000000 0.000000 0.000000
7.086600 12.992100 0.004025 0.000000 0.000000 0.000000 0.000000 0.000000 0.000000
8.267700 12.992100 -0.004750 0.000000 0.000000 0.000000 0.000000 0.000000 0.000000
8.267700 12.992100 0.000508 0.000000 0.000000 0.000000 0.000000 0.000000 0.000000
9.448800 12.992100 -0.006250 0.000000 0.000000 0.000000 0.000000 0.000000 0.000000
9.448800 12.992100 -0.000975 0.000000 0.000000 0.000000 0.000000 0.000000 0.000000
10.629900 12.992100 -0.006500 0.000000 0.000000 0.000000 0.000000 0.000000 0.000000
10.629900 12.992100 -0.001358 0.000000 0.000000 0.000000 0.000000 0.000000 0.000000
11.811000 12.992100 -0.005250 0.000000 0.000000 0.000000 0.000000 0.000000 0.000000
11.811000 12.992100 0.000058 0.000000 0.000000 0.000000 0.000000 0.000000 0.000000
12.992100 12.992100 -0.001500 0.000000 0.000000 0.000000 0.000000 0.000000 0.000000
12.992100 12.992100 0.003908 0.000000 0.000000 0.000000 0.000000 0.000000 0.000000
14.173200 12.992100 0.000500 0.000000 0.000000 0.000000 0.000000 0.000000 0.000000
14.173200 12.992100 0.005508 0.000000 0.000000 0.000000 0.000000 0.000000 0.000000
15.354300 12.992100 0.003750 0.000000 0.000000 0.000000 0.000000 0.000000 0.000000
15.354300 12.992100 0.008975 0.000000 0.000000 0.000000 0.000000 0.000000 0.000000
16.535400 12.992100 0.001000 0.000000 0.000000 0.000000 0.000000 0.000000 0.000000
16.535400 12.992100 0.006042 0.000000 0.000000 0.000000 0.000000 0.000000 0.000000
17.716500 12.992100 -0.001000 0.000000 0.000000 0.000000 0.000000 0.000000 0.000000
17.716500 12.992100 0.004042 0.000000 0.000000 0.000000 0.000000 0.000000 0.000000
18.897600 12.992100 -0.002500 0.000000 0.000000 0.000000 0.000000 0.000000 0.000000
18.897600 12.992100 0.002925 0.000000 0.000000 0.000000 0.000000 0.000000 0.000000
20.078700 12.992100 -0.004250 0.000000 0.000000 0.000000 0.000000 0.000000 0.000000
20.078700 12.992100 0.000992 0.000000 0.000000 0.000000 0.000000 0.000000 0.000000
21.259800 12.992100 -0.004250 0.000000 0.000000 0.000000 0.000000 0.000000 0.000000
21.259800 12.992100 0.001075 0.000000 0.000000 0.000000 0.000000 0.000000 0.000000
22.440900 12.992100 -0.002500 0.000000 0.000000 0.000000 0.000000 0.000000 0.000000
22.440900 12.992100 0.002875 0.000000 0.000000 0.000000 0.000000 0.000000 0.000000
23.622000 12.992100 0.000250 0.000000 0.000000 0.000000 0.000000 0.000000 0.000000
23.622000 12.992100 0.005425 0.000000 0.000000 0.000000 0.000000 0.000000 0.000000
24.803100 12.992100 0.002000 0.000000 0.000000 0.000000 0.000000 0.000000 0.000000
24.803100 12.992100 0.007325 0.000000 0.000000 0.000000 0.000000 0.000000 0.000000
25.984200 12.992100 0.008000 0.000000 0.000000 0.000000 0.000000 0.000000 0.000000
25.984200 12.992100 0.013292 0.000000 0.000000 0.000000 0.000000 0.000000 0.000000
27.165300 12.992100 0.006250 0.000000 0.000000 0.000000 0.000000 0.000000 0.000000
27.165300 12.992100 0.011325 0.000000 0.000000 0.000000 0.000000 0.000000 0.000000
28.346400 12.992100 0.004000 0.000000 0.000000 0.000000 0.000000 0.000000 0.000000
28.346400 12.992100 0.009342 0.000000 0.000000 0.000000 0.000000 0.000000 0.000000
29.527500 12.992100 0.001500 0.000000 0.000000 0.000000 0.000000 0.000000 0.000000
29.527500 12.992100 0.006842 0.000000 0.000000 0.000000 0.000000 0.000000 0.000000
30.708600 12.992100 -0.001750 0.000000 0.000000 0.000000 0.000000 0.000000 0.000000
30.708600 12.992100 0.003492 0.000000 0.000000 0.000000 0.000000 0.000000 0.000000
31.889700 12.992100 -0.003000 0.000000 0.000000 0.000000 0.000000 0.000000 0.000000
31.889700 12.992100 0.002458 0.000000 0.000000 0.000000 0.000000 0.000000 0.000000
33.070800 12.992100 -0.004250 0.000000 0.000000 0.000000 0.000000 0.000000 0.000000
33.070800 12.992100 0.001042 0.000000 0.000000 0.000000 0.000000 0.000000 0.000000
34.251900 12.992100 -0.003250 0.000000 0.000000 0.000000 0.000000 0.000000 0.000000
34.251900 12.992100 0.001992 0.000000 0.000000 0.000000 0.000000 0.000000 0.000000
35.433000 12.992100 -0.002500 0.000000 0.000000 0.000000 0.000000 0.000000 0.000000
35.433000 12.992100 0.002925 0.000000 0.000000 0.000000 0.000000 0.000000 0.000000
36.614100 12.992100 -0.001250 0.000000 0.000000 0.000000 0.000000 0.000000 0.000000
36.614100 12.992100 0.004275 0.000000 0.000000 0.000000 0.000000 0.000000 0.000000
37.795200 12.992100 -0.006000 0.000000 0.000000 0.000000 0.000000 0.000000 0.000000
37.795200 12.992100 -0.000925 0.000000 0.000000 0.000000 0.000000 0.000000 0.000000
38.976300 12.992100 -0.009000 0.000000 0.000000 0.000000 0.000000 0.000000 0.000000
38.976300 12.992100 -0.003875 0.000000 0.000000 0.000000 0.000000 0.000000 0.000000
40.157400 12.992100 -0.013250 0.000000 0.000000 0.000000 0.000000 0.000000 0.000000
40.157400 12.992100 -0.007908 0.000000 0.000000 0.000000 0.000000 0.000000 0.000000
-0.000000 14.173200 -0.012000 0.000000 0.000000 0.000000 0.000000 0.000000 0.000000
-0.000000 14.173200 -0.006775 0.000000 0.000000 0.000000 0.000000 0.000000 0.000000
1.181100 14.173200 -0.010500 0.000000 0.000000 0.000000 0.000000 0.000000 0.000000
1.181100 14.173200 -0.004925 0.000000 0.000000 0.000000 0.000000 0.000000 0.000000
2.362200 14.173200 -0.007750 0.000000 0.000000 0.000000 0.000000 0.000000 0.000000
2.362200 14.173200 -0.002392 0.000000 0.000000 0.000000 0.000000 0.000000 0.000000
3.543300 14.173200 -0.005500 0.000000 0.000000 0.000000 0.000000 0.000000 0.000000
3.543300 14.173200 -0.000392 0.000000 0.000000 0.000000 0.000000 0.000000 0.000000
4.724400 14.173200 -0.002500 0.000000 0.000000 0.000000 0.000000 0.000000 0.000000
4.724400 14.173200 0.003008 0.000000 0.000000 0.000000 0.000000 0.000000 0.000000
5.905500 14.173200 0.003250 0.000000 0.000000 0.000000 0.000000 0.000000 0.000000
5.905500 14.173200 0.008458 0.000000 0.000000 0.000000 0.000000 0.000000 0.000000
7.086600 14.173200 -0.001500 0.000000 0.000000 0.000000 0.000000 0.000000 0.000000
7.086600 14.173200 0.003958 0.000000 0.000000 0.000000 0.000000 0.000000 0.000000
8.267700 14.173200 -0.005250 0.000000 0.000000 0.000000 0.000000 0.000000 0.000000
8.267700 14.173200 0.000058 0.000000 0.000000 0.000000 0.000000 0.000000 0.000000
9.448800 14.173200 -0.006750 0.000000 0.000000 0.000000 0.000000 0.000000 0.000000
9.448800 14.173200 -0.001408 0.000000 0.000000 0.000000 0.000000 0.000000 0.000000
10.629900 14.173200 -0.006750 0.000000 0.000000 0.000000 0.000000 0.000000 0.000000
10.629900 14.173200 -0.001492 0.000000 0.000000 0.000000 0.000000 0.000000 0.000000
11.811000 14.173200 -0.005500 0.000000 0.000000 0.000000 0.000000 0.000000 0.000000
11.811000 14.173200 -0.000408 0.000000 0.000000 0.000000 0.000000 0.000000 0.000000
12.992100 14.173200 -0.002000 0.000000 0.000000 0.000000 0.000000 0.000000 0.000000
12.992100 14.173200 0.003075 0.000000 0.000000 0.000000 0.000000 0.000000 0.000000
14.173200 14.173200 -0.000250 0.000000 0.000000 0.000000 0.000000 0.000000 0.000000
14.173200 14.173200 0.004975 0.000000 0.000000 0.000000 0.000000 0.000000 0.000000
15.354300 14.173200 0.003250 0.000000 0.000000 0.000000 0.000000 0.000000 0.000000
15.354300 14.173200 0.008442 0.000000 0.000000 0.000000 0.000000 0.000000 0.000000
16.535400 14.173200 0.000500 0.000000 0.000000 0.000000 0.000000 0.000000 0.000000
16.535400 14.173200 0.005525 0.000000 0.000000 0.000000 0.000000 0.000000 0.000000
17.716500 14.173200 -0.001500 0.000000 0.000000 0.000000 0.000000 0.000000 0.000000
17.716500 14.173200 0.003575 0.000000 0.000000 0.000000 0.000000 0.000000 0.000000
18.897600 14.173200 -0.003250 0.000000 0.000000 0.000000 0.000000 0.000000 0.000000
18.897600 14.173200 0.002075 0.000000 0.000000 0.000000 0.000000 0.000000 0.000000
20.078700 14.173200 -0.005250 0.000000 0.000000 0.000000 0.000000 0.000000 0.000000
20.078700 14.173200 0.000092 0.000000 0.000000 0.000000 0.000000 0.000000 0.000000
21.259800 14.173200 -0.005000 0.000000 0.000000 0.000000 0.000000 0.000000 0.000000
21.259800 14.173200 0.000458 0.000000 0.000000 0.000000 0.000000 0.000000 0.000000
22.440900 14.173200 -0.003500 0.000000 0.000000 0.000000 0.000000 0.000000 0.000000
22.440900 14.173200 0.001892 0.000000 0.000000 0.000000 0.000000 0.000000 0.000000
23.622000 14.173200 -0.000750 0.000000 0.000000 0.000000 0.000000 0.000000 0.000000
23.622000 14.173200 0.004442 0.000000 0.000000 0.000000 0.000000 0.000000 0.000000
24.803100 14.173200 0.000750 0.000000 0.000000 0.000000 0.000000 0.000000 0.000000
24.803100 14.173200 0.006008 0.000000 0.000000 0.000000 0.000000 0.000000 0.000000
25.984200 14.173200 0.007500 0.000000 0.000000 0.000000 0.000000 0.000000 0.000000
25.984200 14.173200 0.012792 0.000000 0.000000 0.000000 0.000000 0.000000 0.000000
27.165300 14.173200 0.005250 0.000000 0.000000 0.000000 0.000000 0.000000 0.000000
27.165300 14.173200 0.010375 0.000000 0.000000 0.000000 0.000000 0.000000 0.000000
28.346400 14.173200 0.003000 0.000000 0.000000 0.000000 0.000000 0.000000 0.000000
28.346400 14.173200 0.008342 0.000000 0.000000 0.000000 0.000000 0.000000 0.000000
29.527500 14.173200 0.000500 0.000000 0.000000 0.000000 0.000000 0.000000 0.000000
29.527500 14.173200 0.005475 0.000000 0.000000 0.000000 0.000000 0.000000 0.000000
30.708600 14.173200 -0.003000 0.000000 0.000000 0.000000 0.000000 0.000000 0.000000
30.708600 14.173200 0.002442 0.000000 0.000000 0.000000 0.000000 0.000000 0.000000
31.889700 14.173200 -0.004000 0.000000 0.000000 0.000000 0.000000 0.000000 0.000000
31.889700 14.173200 0.001058 0.000000 0.000000 0.000000 0.000000 0.000000 0.000000
33.070800 14.173200 -0.005250 0.000000 0.000000 0.000000 0.000000 0.000000 0.000000
33.070800 14.173200 0.000025 0.000000 0.000000 0.000000 0.000000 0.000000 0.000000
34.251900 14.173200 -0.003750 0.000000 0.000000 0.000000 0.000000 0.000000 0.000000
34.251900 14.173200 0.001508 0.000000 0.000000 0.000000 0.000000 0.000000 0.000000
35.433000 14.173200 -0.002000 0.000000 0.000000 0.000000 0.000000 0.000000 0.000000
35.433000 14.173200 0.003442 0.000000 0.000000 0.000000 0.000000 0.000000 0.000000
36.614100 14.173200 -0.002250 0.000000 0.000000 0.000000 0.000000 0.000000 0.000000
36.614100 14.173200 0.002975 0.000000 0.000000 0.000000 0.000000 0.000000 0.000000
37.795200 14.173200 -0.006500 0.000000 0.000000 0.000000 0.000000 0.000000 0.000000
37.795200 14.173200 -0.001408 0.000000 0.000000 0.000000 0.000000 0.000000 0.000000
38.976300 14.173200 -0.009250 0.000000 0.000000 0.000000 0.000000 0.000000 0.000000
38.976300 14.173200 -0.003908 0.000000 0.000000 0.000000 0.000000 0.000000 0.000000
40.157400 14.173200 -0.013250 0.000000 0.000000 0.000000 0.000000 0.000000 0.000000
40.157400 14.173200 -0.007875 0.000000 0.000000 0.000000 0.000000 0.000000 0.000000
0.000000 15.354300 -0.011250 0.000000 0.000000 0.000000 0.000000 0.000000 0.000000
0.000000 15.354300 -0.005875 0.000000 0.000000 0.000000 0.000000 0.000000 0.000000
1.181100 15.354300 -0.010000 0.000000 0.000000 0.000000 0.000000 0.000000 0.000000
1.181100 15.354300 -0.004425 0.000000 0.000000 0.000000 0.000000 0.000000 0.000000
2.362200 15.354300 -0.007000 0.000000 0.000000 0.000000 0.000000 0.000000 0.000000
2.362200 15.354300 -0.001892 0.000000 0.000000 0.000000 0.000000 0.000000 0.000000
3.543300 15.354300 -0.005000 0.000000 0.000000 0.000000 0.000000 0.000000 0.000000
3.543300 15.354300 0.000092 0.000000 0.000000 0.000000 0.000000 0.000000 0.000000
4.724400 15.354300 -0.002000 0.000000 0.000000 0.000000 0.000000 0.000000 0.000000
4.724400 15.354300 0.003475 0.000000 0.000000 0.000000 0.000000 0.000000 0.000000
5.905500 15.354300 0.002500 0.000000 0.000000 0.000000 0.000000 0.000000 0.000000
5.905500 15.354300 0.007925 0.000000 0.000000 0.000000 0.000000 0.000000 0.000000
7.086600 15.354300 -0.002000 0.000000 0.000000 0.000000 0.000000 0.000000 0.000000
7.086600 15.354300 0.003442 0.000000 0.000000 0.000000 0.000000 0.000000 0.000000
8.267700 15.354300 -0.005500 0.000000 0.000000 0.000000 0.000000 0.000000 0.000000
8.267700 15.354300 -0.000408 0.000000 0.000000 0.000000 0.000000 0.000000 0.000000
9.448800 15.354300 -0.007000 0.000000 0.000000 0.000000 0.000000 0.000000 0.000000
9.448800 15.354300 -0.001858 0.000000 0.000000 0.000000 0.000000 0.000000 0.000000
10.629900 15.354300 -0.007250 0.000000 0.000000 0.000000 0.000000 0.000000 0.000000
10.629900 15.354300 -0.001958 0.000000 0.000000 0.000000 0.000000 0.000000 0.000000
11.811000 15.354300 -0.006000 0.000000 0.000000 0.000000 0.000000 0.000000 0.000000
11.811000 15.354300 -0.000925 0.000000 0.000000 0.000000 0.000000 0.000000 0.000000
12.992100 15.354300 -0.002750 0.000000 0.000000 0.000000 0.000000 0.000000 0.000000
12.992100 15.354300 0.002542 0.000000 0.000000 0.000000 0.000000 0.000000 0.000000
14.173200 15.354300 -0.001000 0.000000 0.000000 0.000000 0.000000 0.000000 0.000000
14.173200 15.354300 0.004042 0.000000 0.000000 0.000000 0.000000 0.000000 0.000000
15.354300 15.354300 0.002250 0.000000 0.000000 0.000000 0.000000 0.000000 0.000000
15.354300 15.354300 0.007442 0.000000 0.000000 0.000000 0.000000 0.000000 0.000000
16.535400 15.354300 -0.000250 0.000000 0.000000 0.000000 0.000000 0.000000 0.000000
16.535400 15.354300 0.004942 0.000000 0.000000 0.000000 0.000000 0.000000 0.000000
17.716500 15.354300 -0.002500 0.000000 0.000000 0.000000 0.000000 0.000000 0.000000
17.716500 15.354300 0.002942 0.000000 0.000000 0.000000 0.000000 0.000000 0.000000
18.897600 15.354300 -0.004000 0.000000 0.000000 0.000000 0.000000 0.000000 0.000000
18.897600 15.354300 0.001108 0.000000 0.000000 0.000000 0.000000 0.000000 0.000000
20.078700 15.354300 -0.006000 0.000000 0.000000 0.000000 0.000000 0.000000 0.000000
20.078700 15.354300 -0.000875 0.000000 0.000000 0.000000 0.000000 0.000000 0.000000
21.259800 15.354300 -0.006000 0.000000 0.000000 0.000000 0.000000 0.000000 0.000000
21.259800 15.354300 -0.000508 0.000000 0.000000 0.000000 0.000000 0.000000 0.000000
22.440900 15.354300 -0.004500 0.000000 0.000000 0.000000 0.000000 0.000000 0.000000
22.440900 15.354300 0.000558 0.000000 0.000000 0.000000 0.000000 0.000000 0.000000
23.622000 15.354300 -0.002000 0.000000 0.000000 0.000000 0.000000 0.000000 0.000000
23.622000 15.354300 0.003392 0.000000 0.000000 0.000000 0.000000 0.000000 0.000000
24.803100 15.354300 -0.000250 0.000000 0.000000 0.000000 0.000000 0.000000 0.000000
24.803100 15.354300 0.004958 0.000000 0.000000 0.000000 0.000000 0.000000 0.000000
25.984200 15.354300 0.005750 0.000000 0.000000 0.000000 0.000000 0.000000 0.000000
25.984200 15.354300 0.010892 0.000000 0.000000 0.000000 0.000000 0.000000 0.000000
27.165300 15.354300 0.004250 0.000000 0.000000 0.000000 0.000000 0.000000 0.000000
27.165300 15.354300 0.009408 0.000000 0.000000 0.000000 0.000000 0.000000 0.000000
28.346400 15.354300 0.002000 0.000000 0.000000 0.000000 0.000000 0.000000 0.000000
28.346400 15.354300 0.007392 0.000000 0.000000 0.000000 0.000000 0.000000 0.000000
29.527500 15.354300 -0.000500 0.000000 0.000000 0.000000 0.000000 0.000000 0.000000
29.527500 15.354300 0.004475 0.000000 0.000000 0.000000 0.000000 0.000000 0.000000
30.708600 15.354300 -0.004000 0.000000 0.000000 0.000000 0.000000 0.000000 0.000000
30.708600 15.354300 0.001058 0.000000 0.000000 0.000000 0.000000 0.000000 0.000000
31.889700 15.354300 -0.005250 0.000000 0.000000 0.000000 0.000000 0.000000 0.000000
31.889700 15.354300 0.000025 0.000000 0.000000 0.000000 0.000000 0.000000 0.000000
33.070800 15.354300 -0.006250 0.000000 0.000000 0.000000 0.000000 0.000000 0.000000
33.070800 15.354300 -0.000975 0.000000 0.000000 0.000000 0.000000 0.000000 0.000000
34.251900 15.354300 -0.004000 0.000000 0.000000 0.000000 0.000000 0.000000 0.000000
34.251900 15.354300 0.001425 0.000000 0.000000 0.000000 0.000000 0.000000 0.000000
35.433000 15.354300 -0.001250 0.000000 0.000000 0.000000 0.000000 0.000000 0.000000
35.433000 15.354300 0.003958 0.000000 0.000000 0.000000 0.000000 0.000000 0.000000
36.614100 15.354300 -0.003500 0.000000 0.000000 0.000000 0.000000 0.000000 0.000000
36.614100 15.354300 0.001942 0.000000 0.000000 0.000000 0.000000 0.000000 0.000000
37.795200 15.354300 -0.007000 0.000000 0.000000 0.000000 0.000000 0.000000 0.000000
37.795200 15.354300 -0.001908 0.000000 0.000000 0.000000 0.000000 0.000000 0.000000
38.976300 15.354300 -0.009250 0.000000 0.000000 0.000000 0.000000 0.000000 0.000000
38.976300 15.354300 -0.003958 0.000000 0.000000 0.000000 0.000000 0.000000 0.000000
40.157400 15.354300 -0.013250 0.000000 0.000000 0.000000 0.000000 0.000000 0.000000
40.157400 15.354300 -0.007908 0.000000 0.000000 0.000000 0.000000 0.000000 0.000000
0.000000 16.535400 -0.010750 0.000000 0.000000 0.000000 0.000000 0.000000 0.000000
0.000000 16.535400 -0.005325 0.000000 0.000000 0.000000 0.000000 0.000000 0.000000
1.181100 16.535400 -0.009250 0.000000 0.000000 0.000000 0.000000 0.000000 0.000000
1.181100 16.535400 -0.003892 0.000000 0.000000 0.000000 0.000000 0.000000 0.000000
2.362200 16.535400 -0.006500 0.000000 0.000000 0.000000 0.000000 0.000000 0.000000
2.362200 16.535400 -0.001392 0.000000 0.000000 0.000000 0.000000 0.000000 0.000000
3.543300 16.535400 -0.004750 0.000000 0.000000 0.000000 0.000000 0.000000 0.000000
3.543300 16.535400 0.000558 0.000000 0.000000 0.000000 0.000000 0.000000 0.000000
4.724400 16.535400 -0.001500 0.000000 0.000000 0.000000 0.000000 0.000000 0.000000
4.724400 16.535400 0.003542 0.000000 0.000000 0.000000 0.000000 0.000000 0.000000
5.905500 16.535400 0.001750 0.000000 0.000000 0.000000 0.000000 0.000000 0.000000
5.905500 16.535400 0.006975 0.000000 0.000000 0.000000 0.000000 0.000000 0.000000
7.086600 16.535400 -0.002750 0.000000 0.000000 0.000000 0.000000 0.000000 0.000000
7.086600 16.535400 0.002542 0.000000 0.000000 0.000000 0.000000 0.000000 0.000000
8.267700 16.535400 -0.006000 0.000000 0.000000 0.000000 0.000000 0.000000 0.000000
8.267700 16.535400 -0.000908 0.000000 0.000000 0.000000 0.000000 0.000000 0.000000
9.448800 16.535400 -0.007500 0.000000 0.000000 0.000000 0.000000 0.000000 0.000000
9.448800 16.535400 -0.002342 0.000000 0.000000 0.000000 0.000000 0.000000 0.000000
10.629900 16.535400 -0.007750 0.000000 0.000000 0.000000 0.000000 0.000000 0.000000
10.629900 16.535400 -0.002425 0.000000 0.000000 0.000000 0.000000 0.000000 0.000000
11.811000 16.535400 -0.006750 0.000000 0.000000 0.000000 0.000000 0.000000 0.000000
11.811000 16.535400 -0.001408 0.000000 0.000000 0.000000 0.000000 0.000000 0.000000
12.992100 16.535400 -0.003250 0.000000 0.000000 0.000000 0.000000 0.000000 0.000000
12.992100 16.535400 0.002025 0.000000 0.000000 0.000000 0.000000 0.000000 0.000000
14.173200 16.535400 -0.001750 0.000000 0.000000 0.000000 0.000000 0.000000 0.000000
14.173200 16.535400 0.003508 0.000000 0.000000 0.000000 0.000000 0.000000 0.000000
15.354300 16.535400 0.001750 0.000000 0.000000 0.000000 0.000000 0.000000 0.000000
15.354300 16.535400 0.006908 0.000000 0.000000 0.000000 0.000000 0.000000 0.000000
16.535400 16.535400 -0.001000 0.000000 0.000000 0.000000 0.000000 0.000000 0.000000
16.535400 16.535400 0.004025 0.000000 0.000000 0.000000 0.000000 0.000000 0.000000
17.716500 16.535400 -0.003250 0.000000 0.000000 0.000000 0.000000 0.000000 0.000000
17.716500 16.535400 0.002025 0.000000 0.000000 0.000000 0.000000 0.000000 0.000000
18.897600 16.535400 -0.004750 0.000000 0.000000 0.000000 0.000000 0.000000 0.000000
18.897600 16.535400 0.000508 0.000000 0.000000 0.000000 0.000000 0.000000 0.000000
20.078700 16.535400 -0.007000 0.000000 0.000000 0.000000 0.000000 0.000000 0.000000
20.078700 16.535400 -0.001475 0.000000 0.000000 0.000000 0.000000 0.000000 0.000000
21.259800 16.535400 -0.007000 0.000000 0.000000 0.000000 0.000000 0.000000 0.000000
21.259800 16.535400 -0.001492 0.000000 0.000000 0.000000 0.000000 0.000000 0.000000
22.440900 16.535400 -0.005750 0.000000 0.000000 0.000000 0.000000 0.000000 0.000000
22.440900 16.535400 -0.000442 0.000000 0.000000 0.000000 0.000000 0.000000 0.000000
23.622000 16.535400 -0.003250 0.000000 0.000000 0.000000 0.000000 0.000000 0.000000
23.622000 16.535400 0.002025 0.000000 0.000000 0.000000 0.000000 0.000000 0.000000
24.803100 16.535400 -0.001500 0.000000 0.000000 0.000000 0.000000 0.000000 0.000000
24.803100 16.535400 0.003558 0.000000 0.000000 0.000000 0.000000 0.000000 0.000000
25.984200 16.535400 0.004250 0.000000 0.000000 0.000000 0.000000 0.000000 0.000000
25.984200 16.535400 0.009842 0.000000 0.000000 0.000000 0.000000 0.000000 0.000000
27.165300 16.535400 0.003250 0.000000 0.000000 0.000000 0.000000 0.000000 0.000000
27.165300 16.535400 0.008442 0.000000 0.000000 0.000000 0.000000 0.000000 0.000000
28.346400 16.535400 0.001250 0.000000 0.000000 0.000000 0.000000 0.000000 0.000000
28.346400 16.535400 0.006442 0.000000 0.000000 0.000000 0.000000 0.000000 0.000000
29.527500 16.535400 -0.001750 0.000000 0.000000 0.000000 0.000000 0.000000 0.000000
29.527500 16.535400 0.003458 0.000000 0.000000 0.000000 0.000000 0.000000 0.000000
30.708600 16.535400 -0.005000 0.000000 0.000000 0.000000 0.000000 0.000000 0.000000
30.708600 16.535400 0.000058 0.000000 0.000000 0.000000 0.000000 0.000000 0.000000
31.889700 16.535400 -0.006250 0.000000 0.000000 0.000000 0.000000 0.000000 0.000000
31.889700 16.535400 -0.000958 0.000000 0.000000 0.000000 0.000000 0.000000 0.000000
33.070800 16.535400 -0.007250 0.000000 0.000000 0.000000 0.000000 0.000000 0.000000
33.070800 16.535400 -0.001925 0.000000 0.000000 0.000000 0.000000 0.000000 0.000000
34.251900 16.535400 -0.004250 0.000000 0.000000 0.000000 0.000000 0.000000 0.000000
34.251900 16.535400 0.001025 0.000000 0.000000 0.000000 0.000000 0.000000 0.000000
35.433000 16.535400 -0.001000 0.000000 0.000000 0.000000 0.000000 0.000000 0.000000
35.433000 16.535400 0.004392 0.000000 0.000000 0.000000 0.000000 0.000000 0.000000
36.614100 16.535400 -0.004750 0.000000 0.000000 0.000000 0.000000 0.000000 0.000000
36.614100 16.535400 0.000542 0.000000 0.000000 0.000000 0.000000 0.000000 0.000000
37.795200 16.535400 -0.007750 0.000000 0.000000 0.000000 0.000000 0.000000 0.000000
37.795200 16.535400 -0.002425 0.000000 0.000000 0.000000 0.000000 0.000000 0.000000
38.976300 16.535400 -0.009750 0.000000 0.000000 0.000000 0.000000 0.000000 0.000000
38.976300 16.535400 -0.004425 0.000000 0.000000 0.000000 0.000000 0.000000 0.000000
40.157400 16.535400 -0.013500 0.000000 0.000000 0.000000 0.000000 0.000000 0.000000
40.157400 16.535400 -0.008308 0.000000 0.000000 0.000000 0.000000 0.000000 0.000000
0.000000 17.716500 -0.010000 0.000000 0.000000 0.000000 0.000000 0.000000 0.000000
0.000000 17.716500 -0.004792 0.000000 0.000000 0.000000 0.000000 0.000000 0.000000
1.181100 17.716500 -0.008750 0.000000 0.000000 0.000000 0.000000 0.000000 0.000000
1.181100 17.716500 -0.003392 0.000000 0.000000 0.000000 0.000000 0.000000 0.000000
2.362200 17.716500 -0.006250 0.000000 0.000000 0.000000 0.000000 0.000000 0.000000
2.362200 17.716500 -0.000925 0.000000 0.000000 0.000000 0.000000 0.000000 0.000000
3.543300 17.716500 -0.004500 0.000000 0.000000 0.000000 0.000000 0.000000 0.000000
3.543300 17.716500 0.001008 0.000000 0.000000 0.000000 0.000000 0.000000 0.000000
4.724400 17.716500 -0.001250 0.000000 0.000000 0.000000 0.000000 0.000000 0.000000
4.724400 17.716500 0.004042 0.000000 0.000000 0.000000 0.000000 0.000000 0.000000
5.905500 17.716500 0.000750 0.000000 0.000000 0.000000 0.000000 0.000000 0.000000
5.905500 17.716500 0.005975 0.000000 0.000000 0.000000 0.000000 0.000000 0.000000
7.086600 17.716500 -0.003250 0.000000 0.000000 0.000000 0.000000 0.000000 0.000000
7.086600 17.716500 0.002008 0.000000 0.000000 0.000000 0.000000 0.000000 0.000000
8.267700 17.716500 -0.006500 0.000000 0.000000 0.000000 0.000000 0.000000 0.000000
8.267700 17.716500 -0.001375 0.000000 0.000000 0.000000 0.000000 0.000000 0.000000
9.448800 17.716500 -0.007750 0.000000 0.000000 0.000000 0.000000 0.000000 0.000000
9.448800 17.716500 -0.002425 0.000000 0.000000 0.000000 0.000000 0.000000 0.000000
10.629900 17.716500 -0.008000 0.000000 0.000000 0.000000 0.000000 0.000000 0.000000
10.629900 17.716500 -0.002875 0.000000 0.000000 0.000000 0.000000 0.000000 0.000000
11.811000 17.716500 -0.007000 0.000000 0.000000 0.000000 0.000000 0.000000 0.000000
11.811000 17.716500 -0.001892 0.000000 0.000000 0.000000 0.000000 0.000000 0.000000
12.992100 17.716500 -0.003750 0.000000 0.000000 0.000000 0.000000 0.000000 0.000000
12.992100 17.716500 0.001508 0.000000 0.000000 0.000000 0.000000 0.000000 0.000000
14.173200 17.716500 -0.002250 0.000000 0.000000 0.000000 0.000000 0.000000 0.000000
14.173200 17.716500 0.002975 0.000000 0.000000 0.000000 0.000000 0.000000 0.000000
15.354300 17.716500 0.001000 0.000000 0.000000 0.000000 0.000000 0.000000 0.000000
15.354300 17.716500 0.006025 0.000000 0.000000 0.000000 0.000000 0.000000 0.000000
16.535400 17.716500 -0.002500 0.000000 0.000000 0.000000 0.000000 0.000000 0.000000
16.535400 17.716500 0.002958 0.000000 0.000000 0.000000 0.000000 0.000000 0.000000
17.716500 17.716500 -0.004250 0.000000 0.000000 0.000000 0.000000 0.000000 0.000000
17.716500 17.716500 0.000992 0.000000 0.000000 0.000000 0.000000 0.000000 0.000000
18.897600 17.716500 -0.006000 0.000000 0.000000 0.000000 0.000000 0.000000 0.000000
18.897600 17.716500 -0.000842 0.000000 0.000000 0.000000 0.000000 0.000000 0.000000
20.078700 17.716500 -0.008000 0.000000 0.000000 0.000000 0.000000 0.000000 0.000000
20.078700 17.716500 -0.002842 0.000000 0.000000 0.000000 0.000000 0.000000 0.000000
21.259800 17.716500 -0.008000 0.000000 0.000000 0.000000 0.000000 0.000000 0.000000
21.259800 17.716500 -0.002858 0.000000 0.000000 0.000000 0.000000 0.000000 0.000000
22.440900 17.716500 -0.007000 0.000000 0.000000 0.000000 0.000000 0.000000 0.000000
22.440900 17.716500 -0.001858 0.000000 0.000000 0.000000 0.000000 0.000000 0.000000
23.622000 17.716500 -0.004500 0.000000 0.000000 0.000000 0.000000 0.000000 0.000000
23.622000 17.716500 0.000592 0.000000 0.000000 0.000000 0.000000 0.000000 0.000000
24.803100 17.716500 -0.003000 0.000000 0.000000 0.000000 0.000000 0.000000 0.000000
24.803100 17.716500 0.002458 0.000000 0.000000 0.000000 0.000000 0.000000 0.000000
25.984200 17.716500 0.002750 0.000000 0.000000 0.000000 0.000000 0.000000 0.000000
25.984200 17.716500 0.007942 0.000000 0.000000 0.000000 0.000000 0.000000 0.000000
27.165300 17.716500 0.002000 0.000000 0.000000 0.000000 0.000000 0.000000 0.000000
27.165300 17.716500 0.007342 0.000000 0.000000 0.000000 0.000000 0.000000 0.000000
28.346400 17.716500 -0.000000 0.000000 0.000000 0.000000 0.000000 0.000000 0.000000
28.346400 17.716500 0.005375 0.000000 0.000000 0.000000 0.000000 0.000000 0.000000
29.527500 17.716500 -0.003000 0.000000 0.000000 0.000000 0.000000 0.000000 0.000000
29.527500 17.716500 0.002075 0.000000 0.000000 0.000000 0.000000 0.000000 0.000000
30.708600 17.716500 -0.006500 0.000000 0.000000 0.000000 0.000000 0.000000 0.000000
30.708600 17.716500 -0.001358 0.000000 0.000000 0.000000 0.000000 0.000000 0.000000
31.889700 17.716500 -0.007500 0.000000 0.000000 0.000000 0.000000 0.000000 0.000000
31.889700 17.716500 -0.002358 0.000000 0.000000 0.000000 0.000000 0.000000 0.000000
33.070800 17.716500 -0.008250 0.000000 0.000000 0.000000 0.000000 0.000000 0.000000
33.070800 17.716500 -0.002908 0.000000 0.000000 0.000000 0.000000 0.000000 0.000000
34.251900 17.716500 -0.004750 0.000000 0.000000 0.000000 0.000000 0.000000 0.000000
34.251900 17.716500 0.000508 0.000000 0.000000 0.000000 0.000000 0.000000 0.000000
35.433000 17.716500 -0.000750 0.000000 0.000000 0.000000 0.000000 0.000000 0.000000
35.433000 17.716500 0.004458 0.000000 0.000000 0.000000 0.000000 0.000000 0.000000
36.614100 17.716500 -0.005000 0.000000 0.000000 0.000000 0.000000 0.000000 0.000000
36.614100 17.716500 0.000075 0.000000 0.000000 0.000000 0.000000 0.000000 0.000000
37.795200 17.716500 -0.008500 0.000000 0.000000 0.000000 0.000000 0.000000 0.000000
37.795200 17.716500 -0.003408 0.000000 0.000000 0.000000 0.000000 0.000000 0.000000
38.976300 17.716500 -0.010500 0.000000 0.000000 0.000000 0.000000 0.000000 0.000000
38.976300 17.716500 -0.005342 0.000000 0.000000 0.000000 0.000000 0.000000 0.000000
40.157400 17.716500 -0.014000 0.000000 0.000000 0.000000 0.000000 0.000000 0.000000
40.157400 17.716500 -0.008825 0.000000 0.000000 0.000000 0.000000 0.000000 0.000000
